READ SERR 1 2
@crab_ratio_SA70_d49.pco
!
0.254999995 4.99999523E-3 1.53231668 7.5249779E-3
0.264999986 5.00001013E-3 1.47892654 6.74658641E-3
0.275000006 4.99999523E-3 1.40867317 6.0589416E-3
0.284999996 4.99999523E-3 1.35475397 5.48212649E-3
0.295000017 5.00001013E-3 1.30692172 4.97076334E-3
0.305000007 4.99999523E-3 1.25633335 4.49081976E-3
0.314999998 4.99999523E-3 1.19624829 4.01593884E-3
0.324999988 5.00001013E-3 1.16041923 3.60015151E-3
0.335000008 4.99999523E-3 1.12642646 3.21683404E-3
0.344999999 4.99999523E-3 1.08942974 2.86329887E-3
0.355000019 5.00001013E-3 1.06119883 2.553812E-3
0.36500001 4.99999523E-3 1.04576886 2.29091081E-3
0.375 4.99999523E-3 1.02578998 2.05229572E-3
0.38499999 4.99999523E-3 1.01762724 1.85287278E-3
0.394999981 5.00001013E-3 1.00591362 1.67396455E-3
0.405000001 4.99999523E-3 1.0042069 1.52450614E-3
0.414999992 4.99999523E-3 1.00066578 1.3928538E-3
0.425000012 5.00001013E-3 0.997469723 1.27886201E-3
0.435000002 4.99999523E-3 0.997269511 1.18263904E-3
0.444999993 4.99999523E-3 0.996486783 1.10051513E-3
0.454999983 5.00001013E-3 0.99906683 1.03339856E-3
0.465000004 4.99999523E-3 1.00189984 9.7842596E-4
0.474999994 4.99999523E-3 1.00381684 9.34086333E-4
0.485000014 5.00001013E-3 1.0042398 8.99566978E-4
0.495000005 4.99999523E-3 1.00326884 8.74204037E-4
0.504999995 4.99999523E-3 1.00244486 8.57957522E-4
0.514999986 4.99999523E-3 0.998615801 8.48350639E-4
0.524999976 4.99999523E-3 0.994101405 8.44746595E-4
0.534999967 5.00002503E-3 0.986065745 8.43609101E-4
0.545000017 4.99999523E-3 0.975354254 8.42327601E-4
0.555000007 4.99999523E-3 0.96708405 8.40077526E-4
0.564999998 4.99999523E-3 0.961862862 8.34509439E-4
0.574999988 4.99999523E-3 0.955226362 8.22419359E-4
0.584999979 4.99999523E-3 0.956439793 8.08039214E-4
0.595000029 5.00002503E-3 0.959206402 7.90140301E-4
0.605000019 4.99999523E-3 0.964941442 7.7112508E-4
0.61500001 4.99999523E-3 0.973633707 7.52724824E-4
0.625 4.99999523E-3 0.980850816 7.34352099E-4
0.63499999 4.99999523E-3 0.989527702 7.18025083E-4
0.644999981 4.99999523E-3 0.997840464 7.0342602E-4
0.654999971 5.00002503E-3 1.0051831 6.90514571E-4
0.665000021 4.99999523E-3 1.01498437 6.80490921E-4
0.675000012 4.99999523E-3 1.02295876 6.71657326E-4
0.685000002 4.99999523E-3 1.02685225 6.63078274E-4
0.694999993 4.99999523E-3 1.03169119 6.56014192E-4
0.704999983 4.99999523E-3 1.03504944 6.49278227E-4
0.715000033 5.00002503E-3 1.03462517 6.41759194E-4
0.725000024 4.99999523E-3 1.03514135 6.3462049E-4
0.735000014 4.99999523E-3 1.03469312 6.2711956E-4
0.745000005 4.99999523E-3 1.03361821 6.19406987E-4
0.754999995 4.99999523E-3 1.03282702 6.11835392E-4
0.764999986 4.99999523E-3 1.03029919 6.04010304E-4
0.774999976 4.99999523E-3 1.02822316 5.96743484E-4
0.784999967 5.00002503E-3 1.02544355 5.89904434E-4
0.795000017 4.99999523E-3 1.02405536 5.84176276E-4
0.805000007 4.99999523E-3 1.02217972 5.79126412E-4
0.814999998 4.99999523E-3 1.01959121 5.74747275E-4
0.824999988 4.99999523E-3 1.01527154 5.70756965E-4
0.834999979 4.99999523E-3 1.01039219 5.67491399E-4
0.845000029 5.00002503E-3 1.00544763 5.64965361E-4
0.855000019 4.99999523E-3 1.00078797 5.63160342E-4
0.86500001 4.99999523E-3 0.99659878 5.61942055E-4
0.875 4.99999523E-3 0.990861058 5.60497923E-4
0.88499999 4.99999523E-3 0.987965584 5.59875334E-4
0.894999981 4.99999523E-3 0.985390842 5.59169799E-4
0.904999971 5.00002503E-3 0.983973682 5.58534521E-4
0.915000021 4.99999523E-3 0.982951999 5.57706575E-4
0.925000012 4.99999523E-3 0.982827127 5.56878105E-4
0.935000002 4.99999523E-3 0.983491123 5.56060695E-4
0.944999993 4.99999523E-3 0.98330915 5.54923725E-4
0.954999983 4.99999523E-3 0.986066699 5.54594211E-4
0.965000033 5.00002503E-3 0.987067521 5.53802238E-4
0.975000024 4.99999523E-3 0.987793565 5.53037447E-4
0.985000014 4.99999523E-3 0.988913178 5.5250182E-4
0.995000005 4.99999523E-3 0.989789307 5.52020618E-4
1.005 4.99999523E-3 0.990018487 5.51502744E-4
1.01499999 4.99999523E-3 0.992288709 5.51678299E-4
1.02499998 4.99999523E-3 0.991361499 5.51095756E-4
1.03499997 4.99999523E-3 0.993099988 5.51379751E-4
1.04499996 4.99999523E-3 0.991671443 5.50892495E-4
1.05499995 4.99999523E-3 0.990936756 5.5071793E-4
1.06500006 5.00005484E-3 0.991415262 5.50994358E-4
1.07500005 4.99999523E-3 0.991498768 5.51254256E-4
1.08500004 4.99999523E-3 0.991158605 5.51504781E-4
1.09500003 4.99999523E-3 0.99039346 5.51743433E-4
1.10500002 4.99999523E-3 0.991208732 5.52518293E-4
1.11500001 4.99999523E-3 0.991178751 5.5316306E-4
1.125 4.99999523E-3 0.991315246 5.53947815E-4
1.13499999 4.99999523E-3 0.99030453 5.54497528E-4
1.14499998 4.99999523E-3 0.991282105 5.55699749E-4
1.15499997 4.99999523E-3 0.991964698 5.56915533E-4
1.16499996 4.99999523E-3 0.991688669 5.57953201E-4
1.17499995 4.99999523E-3 0.991828382 5.59186039E-4
1.18499994 5.00005484E-3 0.992159188 5.60568762E-4
1.19500005 4.99999523E-3 0.992324829 5.61974011E-4
1.20500004 4.99999523E-3 0.992963433 5.63600275E-4
1.21500003 4.99999523E-3 0.993060529 5.6516804E-4
1.22500002 4.99999523E-3 0.993496597 5.66903153E-4
1.23500001 4.99999523E-3 0.994384229 5.68852702E-4
1.245 4.99999523E-3 0.994026542 5.70554286E-4
1.255 4.99999523E-3 0.994613826 5.7262968E-4
1.26499999 4.99999523E-3 0.993294001 5.74267178E-4
1.27499998 4.99999523E-3 0.99402529 5.76602877E-4
1.28499997 4.99999523E-3 0.993744671 5.78763953E-4
1.29499996 4.99999523E-3 0.992567956 5.80758613E-4
1.30499995 4.99999523E-3 0.990739346 5.82629582E-4
1.31500006 5.00005484E-3 0.991320133 5.8525952E-4
1.32500005 4.99999523E-3 0.990522981 5.87507267E-4
1.33500004 4.99999523E-3 0.991241395 5.9019844E-4
1.34500003 4.99999523E-3 0.991192281 5.92623313E-4
1.35500002 4.99999523E-3 0.992663741 5.9546734E-4
1.36500001 4.99999523E-3 0.99184978 5.97591395E-4
1.375 4.99999523E-3 0.992535114 6.00122381E-4
1.38499999 4.99999523E-3 0.991977692 6.02244458E-4
1.39499998 4.99999523E-3 0.993246555 6.04917703E-4
1.40499997 4.99999523E-3 0.994326115 6.07521681E-4
1.41499996 4.99999523E-3 0.993104756 6.09439739E-4
1.42499995 4.99999523E-3 0.993071139 6.11726369E-4
1.43499994 5.00005484E-3 0.993559659 6.14211312E-4
1.44500005 4.99999523E-3 0.995504379 6.17186073E-4
1.45500004 4.99999523E-3 0.995144963 6.19492435E-4
1.46500003 4.99999523E-3 0.995917559 6.22241292E-4
1.47500002 4.99999523E-3 0.993918777 6.242331E-4
1.48500001 4.99999523E-3 0.996497333 6.27833651E-4
1.495 4.99999523E-3 0.995757461 6.30587456E-4
1.505 4.99999523E-3 0.996304095 6.34014315E-4
1.51499999 4.99999523E-3 0.995921314 6.37444668E-4
1.52499998 4.99999523E-3 0.995359659 6.41126535E-4
1.53499997 4.99999523E-3 0.993959367 6.44802873E-4
1.54499996 4.99999523E-3 0.994209707 6.49275491E-4
1.55499995 4.99999523E-3 0.992770076 6.53345603E-4
1.56500006 5.00005484E-3 0.991848409 6.57628581E-4
1.57500005 4.99999523E-3 0.991755664 6.62078732E-4
1.58500004 4.99999523E-3 0.991673112 6.66352629E-4
1.59500003 4.99999523E-3 0.991347909 6.7026366E-4
1.60500002 4.99999523E-3 0.992421865 6.74336567E-4
1.61500001 4.99999523E-3 0.995146453 6.78652956E-4
1.625 4.99999523E-3 0.997101665 6.82438898E-4
1.63499999 4.99999523E-3 0.998400867 6.85788284E-4
1.64499998 4.99999523E-3 0.99880445 6.8865699E-4
1.65499997 4.99999523E-3 1.00256205 6.92583038E-4
1.66499996 4.99999523E-3 1.00445235 6.95735624E-4
1.67499995 4.99999523E-3 1.00673735 6.98860036E-4
1.68499994 5.00005484E-3 1.00900507 7.01754412E-4
1.69500005 4.99999523E-3 1.00879145 7.03404483E-4
1.70500004 4.99999523E-3 1.00962818 7.04972656E-4
1.71500003 4.99999523E-3 1.00685036 7.04821374E-4
1.72500002 4.99999523E-3 1.00486779 7.04570091E-4
1.73500001 4.99999523E-3 1.00071597 7.03362108E-4
1.745 4.99999523E-3 0.996473372 7.0224714E-4
1.755 4.99999523E-3 0.993399024 7.02009536E-4
1.76499999 4.99999523E-3 0.987649262 7.0163206E-4
1.77499998 4.99999523E-3 0.987338543 7.04312813E-4
1.78499997 4.99999523E-3 0.988542736 7.08870532E-4
1.79499996 4.99999523E-3 0.986667216 7.1380561E-4
1.80499995 4.99999523E-3 0.988630652 7.21665449E-4
1.81500006 5.00005484E-3 0.989548028 7.30563537E-4
1.82500005 4.99999523E-3 0.990226388 7.40646734E-4
1.83500004 4.99999523E-3 0.991481543 7.51853513E-4
1.84500003 4.99999523E-3 0.995490015 7.64645811E-4
1.85500002 4.99999523E-3 0.994943857 7.75722146E-4
1.86500001 4.99999523E-3 0.995557249 7.8679435E-4
1.875 4.99999523E-3 0.995814979 7.96882086E-4
1.88499999 4.99999523E-3 0.996343374 8.05925578E-4
1.89499998 4.99999523E-3 0.997421563 8.14062951E-4
1.90499997 4.99999523E-3 0.997804344 8.20733199E-4
1.91499996 4.99999523E-3 0.998779833 8.26752104E-4
1.92499995 4.99999523E-3 0.999305606 8.31897545E-4
1.93499994 5.00005484E-3 1.0006392 8.36914929E-4
1.94500005 4.99999523E-3 1.00144732 8.41463509E-4
1.95500004 4.99999523E-3 1.00294995 8.46188981E-4
1.96500003 4.99999523E-3 1.0030514 8.50295939E-4
1.97500002 4.99999523E-3 1.00398445 8.54873215E-4
1.98500001 4.99999523E-3 1.00494921 8.59559979E-4
1.995 4.99999523E-3 1.00625241 8.64537666E-4
2.00500011 4.99999523E-3 1.00723612 8.69454583E-4
2.01499987 4.99999523E-3 1.00606596 8.73646175E-4
2.0250001 4.99999523E-3 1.00811446 8.79357045E-4
2.03499985 4.99999523E-3 1.00954807 8.84954468E-4
2.04500008 4.99999523E-3 1.00976729 8.9018885E-4
2.05499983 4.99999523E-3 1.00931239 8.95252044E-4
2.06500006 4.99999523E-3 1.00962007 9.00832878E-4
2.07499981 4.99999523E-3 1.01133478 9.07303125E-4
2.08500004 4.99999523E-3 1.01209641 9.13616503E-4
2.09499979 4.99999523E-3 1.01059532 9.19246639E-4
2.10500002 4.99999523E-3 1.01265693 9.2695083E-4
2.11499977 4.99999523E-3 1.01360273 9.34753858E-4
2.125 5.00011444E-3 1.01359224 9.42820625E-4
2.13500023 4.99999523E-3 1.01596582 9.5297728E-4
2.14499998 4.99999523E-3 1.01571882 9.63096507E-4
2.15500021 4.99999523E-3 1.02007544 9.76838986E-4
2.16499996 4.99999523E-3 1.01698971 9.88793327E-4
2.17500019 4.99999523E-3 1.01999819 1.00581907E-3
2.18499994 4.99999523E-3 1.02013576 1.02376007E-3
2.19500017 4.99999523E-3 1.02009654 1.04411971E-3
2.20499992 4.99999523E-3 1.0215342 1.06790324E-3
2.21500015 4.99999523E-3 1.02368462 1.09460484E-3
2.2249999 4.99999523E-3 1.02441478 1.12287956E-3
2.23500013 4.99999523E-3 1.0240643 1.15234789E-3
2.24499989 4.99999523E-3 1.02766716 1.18527678E-3
2.25500011 4.99999523E-3 1.02963614 1.21753674E-3
2.26499987 4.99999523E-3 1.03237689 1.24976295E-3
2.2750001 4.99999523E-3 1.03612781 1.28109788E-3
2.28499985 4.99999523E-3 1.04147351 1.31119357E-3
2.29500008 4.99999523E-3 1.04622829 1.33794919E-3
2.30499983 4.99999523E-3 1.04706013 1.35895784E-3
2.31500006 4.99999523E-3 1.0522939 1.37928792E-3
2.32499981 4.99999523E-3 1.05217302 1.39249431E-3
2.33500004 4.99999523E-3 1.05196059 1.40240067E-3
2.34499979 4.99999523E-3 1.05545175 1.4116118E-3
2.35500002 4.99999523E-3 1.04977846 1.41224393E-3
2.36499977 4.99999523E-3 1.04815257 1.41341356E-3
2.375 5.00011444E-3 1.04843867 1.41420891E-3
2.38500023 4.99999523E-3 1.04486036 1.41131191E-3
2.39499998 4.99999523E-3 1.04629672 1.41108094E-3
2.40500021 4.99999523E-3 1.04362106 1.40791177E-3
2.41499996 4.99999523E-3 1.04163074 1.40516786E-3
2.42500019 4.99999523E-3 1.03930902 1.40260684E-3
2.43499994 4.99999523E-3 1.03971791 1.40227319E-3
2.44500017 4.99999523E-3 1.03610706 1.39961333E-3
2.45499992 4.99999523E-3 1.03574443 1.39969867E-3
2.46500015 4.99999523E-3 1.03444803 1.39981054E-3
2.4749999 4.99999523E-3 1.03480399 1.40137551E-3
2.48500013 4.99999523E-3 1.03351331 1.40235969E-3
2.49499989 4.99999523E-3 1.0337261 1.40463351E-3
2.50500011 4.99999523E-3 1.02843571 1.40338822E-3
2.51499987 4.99999523E-3 1.03345048 1.40956754E-3
2.5250001 4.99999523E-3 1.02996159 1.41017663E-3
2.53499985 4.99999523E-3 1.02906549 1.41268037E-3
2.54500008 4.99999523E-3 1.02969289 1.41668424E-3
2.55499983 4.99999523E-3 1.02951872 1.42022676E-3
2.56500006 4.99999523E-3 1.03173125 1.42574054E-3
2.57499981 4.99999523E-3 1.0284555 1.42771844E-3
2.58500004 4.99999523E-3 1.0306946 1.43387355E-3
2.59499979 4.99999523E-3 1.03119767 1.4392169E-3
2.60500002 4.99999523E-3 1.03359818 1.44614314E-3
2.61499977 4.99999523E-3 1.03430057 1.45224482E-3
2.625 5.00011444E-3 1.03394091 1.4580203E-3
2.63500023 4.99999523E-3 1.03433537 1.46480172E-3
2.64499998 4.99999523E-3 1.03449512 1.47175929E-3
2.65500021 4.99999523E-3 1.03873467 1.48215762E-3
2.66499996 4.99999523E-3 1.03992939 1.49083976E-3
2.67500019 4.99999523E-3 1.04067576 1.49930443E-3
2.68499994 4.99999523E-3 1.04168499 1.50865561E-3
2.69500017 4.99999523E-3 1.0397675 1.51597522E-3
2.70499992 4.99999523E-3 1.04120338 1.52588985E-3
2.71500015 4.99999523E-3 1.0358212 1.530746E-3
2.7249999 4.99999523E-3 1.03643155 1.53990812E-3
2.73500013 4.99999523E-3 1.03723288 1.54872506E-3
2.74499989 4.99999523E-3 1.03344262 1.55373546E-3
2.75500011 4.99999523E-3 1.03002083 1.55828067E-3
2.76499987 4.99999523E-3 1.03267109 1.56691601E-3
2.7750001 4.99999523E-3 1.02730656 1.56847166E-3
2.78499985 4.99999523E-3 1.02923441 1.57504156E-3
2.79500008 4.99999523E-3 1.03012025 1.58042228E-3
2.80499983 4.99999523E-3 1.02638412 1.58149144E-3
2.81500006 4.99999523E-3 1.02979636 1.58774375E-3
2.82499981 4.99999523E-3 1.02472591 1.58734794E-3
2.83500004 4.99999523E-3 1.02902067 1.59386033E-3
2.84499979 4.99999523E-3 1.02622831 1.59499515E-3
2.85500002 4.99999523E-3 1.02876413 1.60043349E-3
2.86499977 4.99999523E-3 1.02830052 1.60331838E-3
2.875 5.00011444E-3 1.02973104 1.60798617E-3
2.88500023 4.99999523E-3 1.02642584 1.60913437E-3
2.89499998 4.99999523E-3 1.02717066 1.61354372E-3
2.90500021 4.99999523E-3 1.0258559 1.61658612E-3
2.91499996 4.99999523E-3 1.02538598 1.62030268E-3
2.92500019 4.99999523E-3 1.02583992 1.62485603E-3
2.93499994 4.99999523E-3 1.02324545 1.6271763E-3
2.94500017 4.99999523E-3 1.02519071 1.63327763E-3
2.95499992 4.99999523E-3 1.02676439 1.63920457E-3
2.96500015 4.99999523E-3 1.02394819 1.64162472E-3
2.9749999 4.99999523E-3 1.02013659 1.64332415E-3
2.98500013 4.99999523E-3 1.023911 1.65155227E-3
2.99499989 4.99999523E-3 1.02394581 1.65651913E-3
3.00500011 4.99999523E-3 1.02282083 1.66106061E-3
3.01499987 4.99999523E-3 1.02090549 1.66485587E-3
3.0250001 4.99999523E-3 1.01986468 1.66964123E-3
3.03499985 4.99999523E-3 1.01986897 1.67526642E-3
3.04500008 4.99999523E-3 1.01972544 1.68112933E-3
3.05499983 4.99999523E-3 1.019768 1.68717967E-3
3.06500006 4.99999523E-3 1.01808298 1.69199868E-3
3.07499981 4.99999523E-3 1.01699603 1.69772981E-3
3.08500004 4.99999523E-3 1.01834393 1.70535943E-3
3.09499979 4.99999523E-3 1.01802921 1.71183352E-3
3.10500002 4.99999523E-3 1.01570916 1.71701168E-3
3.11499977 4.99999523E-3 1.01565349 1.72408193E-3
3.125 5.00011444E-3 1.01471508 1.73062237E-3
3.13500023 4.99999523E-3 1.01269412 1.73605874E-3
3.14499998 4.99999523E-3 1.01489067 1.74548593E-3
3.15500021 4.99999523E-3 1.01114178 1.74952752E-3
3.16499996 4.99999523E-3 1.01094961 1.75682514E-3
3.17500019 4.99999523E-3 1.01383197 1.76663429E-3
3.18499994 4.99999523E-3 1.01242316 1.77270395E-3
3.19500017 4.99999523E-3 1.01041257 1.77790818E-3
3.20499992 4.99999523E-3 1.01110339 1.78543956E-3
3.21500015 4.99999523E-3 1.01679397 1.79695268E-3
3.2249999 4.99999523E-3 1.01288879 1.80001394E-3
3.23500013 4.99999523E-3 1.01315176 1.8065389E-3
3.24499989 4.99999523E-3 1.01145911 1.81123777E-3
3.25500011 4.99999523E-3 1.01427925 1.81963912E-3
3.26499987 4.99999523E-3 1.01832032 1.82932662E-3
3.2750001 4.99999523E-3 1.01208687 1.82983081E-3
3.28499985 4.99999523E-3 1.01324069 1.83670677E-3
3.29500008 4.99999523E-3 1.01157784 1.8412408E-3
3.30499983 4.99999523E-3 1.01272762 1.84857973E-3
3.31500006 4.99999523E-3 1.01060402 1.8529715E-3
3.32499981 4.99999523E-3 1.01011992 1.85874035E-3
3.33500004 4.99999523E-3 1.01329792 1.86813762E-3
3.34499979 4.99999523E-3 1.00578129 1.86792354E-3
3.35500002 4.99999523E-3 1.01316404 1.88167871E-3
3.36499977 4.99999523E-3 1.00699937 1.88305264E-3
3.375 5.00011444E-3 1.01280761 1.89559208E-3
3.38500023 4.99999523E-3 1.00737309 1.89757138E-3
3.39499998 4.99999523E-3 1.00559068 1.90333882E-3
3.40500021 4.99999523E-3 1.00867057 1.91352819E-3
3.41499996 4.99999523E-3 1.00343525 1.91579002E-3
3.42500019 4.99999523E-3 1.00771236 1.92733447E-3
3.43499994 4.99999523E-3 1.00156701 1.92869524E-3
3.44500017 4.99999523E-3 1.0034076 1.9377342E-3
3.45499992 4.99999523E-3 1.00464249 1.94599468E-3
3.46500015 4.99999523E-3 1.00331736 1.95146282E-3
3.4749999 4.99999523E-3 0.998236656 1.95340044E-3
3.48500013 4.99999523E-3 1.00070381 1.96225406E-3
3.49499989 4.99999523E-3 1.00324476 1.97158125E-3
3.50500011 4.99999523E-3 0.993391156 1.96812302E-3
3.51499987 4.99999523E-3 1.00001001 1.98116363E-3
3.5250001 4.99999523E-3 1.00019288 1.98774552E-3
3.53499985 4.99999523E-3 1.00027001 1.99403637E-3
3.54500008 4.99999523E-3 1.00054038 2.00078567E-3
3.55499983 4.99999523E-3 0.998802125 2.00563786E-3
3.56500006 4.99999523E-3 0.999721229 2.01312592E-3
3.57499981 4.99999523E-3 1.00155389 2.02177581E-3
3.58500004 4.99999523E-3 0.999888003 2.02699495E-3
3.59499979 4.99999523E-3 0.999126554 2.03296496E-3
3.60500002 4.99999523E-3 0.999968827 2.0410642E-3
3.61499977 4.99999523E-3 1.00038779 2.04865262E-3
3.625 5.00011444E-3 1.00053883 2.05593579E-3
3.63500023 4.99999523E-3 0.998267412 2.06107483E-3
3.64499998 4.99999523E-3 0.999947429 2.07016594E-3
3.65500021 4.99999523E-3 0.997123718 2.07486423E-3
3.66499996 4.99999523E-3 0.997087359 2.08239886E-3
3.67500019 4.99999523E-3 1.00119805 2.09409813E-3
3.68499994 4.99999523E-3 1.00172114 2.10241345E-3
3.69500017 4.99999523E-3 0.997886956 2.1062172E-3
3.70499992 4.99999523E-3 0.998481989 2.11469992E-3
3.71500015 4.99999523E-3 0.999558508 2.12359801E-3
3.7249999 4.99999523E-3 1.00000525 2.13204487E-3
3.73500013 4.99999523E-3 0.997974515 2.13763863E-3
3.74499989 4.99999523E-3 0.995669305 2.14312878E-3
3.75500011 4.99999523E-3 1.00288165 2.15907255E-3
3.76499987 4.99999523E-3 0.996601284 2.16013822E-3
3.7750001 4.99999523E-3 0.99918288 2.17093294E-3
3.78499985 4.99999523E-3 1.00235939 2.18245038E-3
3.79500008 4.99999523E-3 0.996750653 2.18452793E-3
3.80499983 4.99999523E-3 0.994781911 2.19050655E-3
3.81500006 4.99999523E-3 0.998078108 2.20228708E-3
3.82499981 4.99999523E-3 0.994701445 2.20704288E-3
3.83500004 4.99999523E-3 0.996032834 2.21652258E-3
3.84499979 4.99999523E-3 0.999231935 2.22835387E-3
3.85500002 4.99999523E-3 0.999629498 2.2372026E-3
3.86499977 4.99999523E-3 0.996009111 2.24167318E-3
3.875 5.00011444E-3 0.995889306 2.2496446E-3
3.88500023 4.99999523E-3 0.996125519 2.25852663E-3
3.89499998 4.99999523E-3 0.993738472 2.26403098E-3
3.90500021 4.99999523E-3 0.994688988 2.27381778E-3
3.91499996 4.99999523E-3 0.99524349 2.28290469E-3
3.92500019 4.99999523E-3 0.996641457 2.29362375E-3
3.93499994 4.99999523E-3 0.99346149 2.29865895E-3
3.94500017 4.99999523E-3 0.996149719 2.31016916E-3
3.95499992 4.99999523E-3 0.995581925 2.31855479E-3
3.96500015 4.99999523E-3 0.999119878 2.33126222E-3
3.9749999 4.99999523E-3 0.997689128 2.33873934E-3
3.98500013 4.99999523E-3 0.995923996 2.34562787E-3
3.99499989 4.99999523E-3 0.990347087 2.34766374E-3
4.00500011 5.00011444E-3 0.99430275 2.36130506E-3
4.01500034 4.99987602E-3 0.99207288 2.36774795E-3
4.0250001 5.00011444E-3 0.998470187 2.38452246E-3
4.03499985 4.99987602E-3 0.994061172 2.38850038E-3
4.04500008 5.00011444E-3 0.990423739 2.39332416E-3
4.05500031 4.99987602E-3 0.991840899 2.40412517E-3
4.06500006 5.00011444E-3 0.992310882 2.41352688E-3
4.07499981 4.99987602E-3 0.992546022 2.42317887E-3
4.08500004 5.00011444E-3 0.993924022 2.43398454E-3
4.09500027 4.99987602E-3 0.996869445 2.44709221E-3
4.10500002 5.00011444E-3 0.992465556 2.45088269E-3
4.11499977 4.99987602E-3 0.993921995 2.4624106E-3
4.125 5.00011444E-3 0.989520967 2.46628909E-3
4.13500023 4.99987602E-3 0.988869965 2.47457158E-3
4.14499998 5.00011444E-3 0.989953756 2.48522195E-3
4.15499973 4.99987602E-3 0.991275489 2.49691168E-3
4.16499996 5.00011444E-3 0.989788353 2.50457088E-3
4.17500019 4.99987602E-3 0.989672363 2.51373602E-3
4.18499994 5.00011444E-3 0.983067572 2.51514721E-3
4.19499969 4.99987602E-3 0.987043977 2.53018178E-3
4.20499992 5.00011444E-3 0.983281672 2.53535435E-3
4.21500015 4.99987602E-3 0.98480022 2.54706899E-3
4.2249999 5.00011444E-3 0.985499322 2.55800667E-3
4.23499966 4.99987602E-3 0.985198796 2.56845448E-3
4.24499989 5.00011444E-3 0.982646883 2.57463777E-3
4.25500011 5.00011444E-3 0.98725009 2.59084208E-3
4.26500034 4.99987602E-3 0.986873567 2.60105752E-3
4.2750001 5.00011444E-3 0.985319734 2.60931323E-3
4.28499985 4.99987602E-3 0.992570579 2.62954505E-3
4.29500008 5.00011444E-3 0.988432467 2.6347714E-3
4.30500031 4.99987602E-3 0.986858547 2.64353212E-3
4.31500006 5.00011444E-3 0.989324093 2.65688053E-3
4.32499981 4.99987602E-3 0.987581849 2.66529969E-3
4.33500004 5.00011444E-3 0.986433506 2.67419941E-3
4.34500027 4.99987602E-3 0.984588265 2.68227747E-3
4.35500002 5.00011444E-3 0.984108508 2.69255415E-3
4.36499977 4.99987602E-3 0.989834428 2.71077291E-3
4.375 5.00011444E-3 0.985958278 2.71586096E-3
4.38500023 4.99987602E-3 0.985813856 2.72596651E-3
4.39499998 5.00011444E-3 0.989704072 2.74200039E-3
4.40499973 4.99987602E-3 0.988198221 2.75039114E-3
4.41499996 5.00011444E-3 0.983665347 2.75500119E-3
4.42500019 4.99987602E-3 0.984406114 2.76728137E-3
4.43499994 5.00011444E-3 0.984579802 2.77764932E-3
4.44499969 4.99987602E-3 0.98256427 2.78579304E-3
4.45499992 5.00011444E-3 0.985528409 2.80032167E-3
4.46500015 4.99987602E-3 0.984168947 2.80914153E-3
4.4749999 5.00011444E-3 0.980909288 2.81570107E-3
4.48499966 4.99987602E-3 0.98103255 2.82672071E-3
4.49499989 5.00011444E-3 0.988955855 2.84920447E-3
4.50500011 5.00011444E-3 0.982679069 2.85126967E-3
4.51500034 4.99987602E-3 0.98597008 2.86690029E-3
4.5250001 5.00011444E-3 0.980751634 2.8701853E-3
4.53499985 4.99987602E-3 0.984068334 2.88658682E-3
4.54500008 5.00011444E-3 0.980284274 2.89186509E-3
4.55500031 4.99987602E-3 0.982866108 2.90654367E-3
4.56500006 5.00011444E-3 0.980445206 2.91457889E-3
4.57499981 4.99987602E-3 0.978014588 2.92262016E-3
4.58500004 5.00011444E-3 0.982522011 2.93986872E-3
4.59500027 4.99987602E-3 0.983202159 2.95238616E-3
4.60500002 5.00011444E-3 0.976064324 2.95302924E-3
4.61499977 4.99987602E-3 0.982976139 2.97458749E-3
4.625 5.00011444E-3 0.979057372 2.98079592E-3
4.63500023 4.99987602E-3 0.979370475 2.99261953E-3
4.64499998 5.00011444E-3 0.98398304 3.01212189E-3
4.65499973 4.99987602E-3 0.980583429 3.01832729E-3
4.66499996 5.00011444E-3 0.977883399 3.02552944E-3
4.67500019 4.99987602E-3 0.984438241 3.04714357E-3
4.68499994 5.00011444E-3 0.980822206 3.05307354E-3
4.69499969 4.99987602E-3 0.979291677 3.06262681E-3
4.70499992 5.00011444E-3 0.980642676 3.07649793E-3
4.71500015 4.99987602E-3 0.97365284 3.07736965E-3
4.7249999 5.00011444E-3 0.986214817 3.10878595E-3
4.73499966 4.99987602E-3 0.97971952 3.11114569E-3
4.74499989 5.00011444E-3 0.97939086 3.12216603E-3
4.75500011 5.00011444E-3 0.975382388 3.12773604E-3
4.76500034 4.99987602E-3 0.98142612 3.14968778E-3
4.7750001 5.00011444E-3 0.973900914 3.15023027E-3
4.78499985 4.99987602E-3 0.982211888 3.1753506E-3
4.79500008 5.00011444E-3 0.980434537 3.18542169E-3
4.80500031 4.99987602E-3 0.981761634 3.1998998E-3
4.81500006 5.00011444E-3 0.977683187 3.20491102E-3
4.82499981 4.99987602E-3 0.980841875 3.22225387E-3
4.83500004 5.00011444E-3 0.97892803 3.23258876E-3
4.84500027 4.99987602E-3 0.975623071 3.23916622E-3
4.85500002 5.00011444E-3 0.983891368 3.26577923E-3
4.86499977 4.99987602E-3 0.979457855 3.2703795E-3
4.875 5.00011444E-3 0.978056133 3.28029739E-3
4.88500023 4.99987602E-3 0.979810119 3.29714105E-3
4.89499998 5.00011444E-3 0.977386296 3.30484309E-3
4.90499973 4.99987602E-3 0.978321493 3.31986859E-3
4.91499996 5.00011444E-3 0.978029311 3.3321993E-3
4.92500019 4.99987602E-3 0.981690228 3.34995217E-3
4.93499994 5.00011444E-3 0.97593987 3.35381553E-3
4.94499969 4.99987602E-3 0.982126594 3.37801198E-3
4.95499992 5.00011444E-3 0.983092248 3.39180836E-3
4.96500015 4.99987602E-3 0.981883347 3.40353535E-3
4.9749999 5.00011444E-3 0.974847496 3.40443873E-3
4.98499966 4.99987602E-3 0.977983236 3.42232594E-3
4.99499989 5.00011444E-3 0.975904107 3.43188061E-3
5.00500011 5.00011444E-3 0.979442418 3.45264282E-3
5.01500034 4.99987602E-3 0.972836554 3.45328427E-3
5.0250001 5.00011444E-3 0.971751034 3.46416282E-3
5.03499985 4.99987602E-3 0.979061723 3.49111808E-3
5.04500008 5.00011444E-3 0.982422292 3.51097598E-3
5.05500031 4.99987602E-3 0.975994051 3.5118158E-3
5.06500006 5.00011444E-3 0.975044847 3.52349225E-3
5.07499981 4.99987602E-3 0.974936783 3.5372281E-3
5.08500004 5.00011444E-3 0.972894073 3.5472461E-3
5.09500027 4.99987602E-3 0.975326538 3.56520293E-3
5.10500002 5.00011444E-3 0.98688978 3.59976292E-3
5.11499977 4.99987602E-3 0.973489463 3.58911557E-3
5.125 5.00011444E-3 0.975398123 3.60614504E-3
5.13500023 4.99987602E-3 0.975151181 3.61879822E-3
5.14499998 5.00011444E-3 0.9778561 3.63812968E-3
5.15499973 4.99987602E-3 0.971136093 3.63899604E-3
5.16499996 5.00011444E-3 0.974114895 3.65968957E-3
5.17500019 4.99987602E-3 0.970917404 3.66598298E-3
5.18499994 5.00011444E-3 0.97957319 3.69902863E-3
5.19499969 4.99987602E-3 0.975019932 3.70246475E-3
5.20499992 5.00011444E-3 0.978261411 3.72183439E-3
5.21500015 4.99987602E-3 0.981003284 3.74166248E-3
5.2249999 5.00011444E-3 0.97270906 3.73953208E-3
5.23499966 4.99987602E-3 0.975990534 3.76094342E-3
5.24499989 5.00011444E-3 0.97097373 3.76523216E-3
5.25500011 5.00011444E-3 0.975400984 3.78793362E-3
5.26500034 4.99987602E-3 0.980152667 3.81248444E-3
5.2750001 5.00011444E-3 0.971784949 3.80896311E-3
5.28499985 4.99987602E-3 0.984665871 3.84909753E-3
5.29500008 5.00011444E-3 0.980137229 3.85411945E-3
5.30500031 4.99987602E-3 0.972132921 3.85245914E-3
5.31500006 5.00011444E-3 0.972339094 3.8680078E-3
5.32499981 4.99987602E-3 0.974354327 3.88591597E-3
5.33500004 5.00011444E-3 0.969821215 3.8916918E-3
5.34500027 4.99987602E-3 0.97122997 3.90918227E-3
5.35500002 5.00011444E-3 0.973600805 3.92703852E-3
5.36499977 4.99987602E-3 0.971945465 3.93760949E-3
5.375 5.00011444E-3 0.971844316 3.95298982E-3
5.38500023 4.99987602E-3 0.968749285 3.9605177E-3
5.39499998 5.00011444E-3 0.965968192 3.9685173E-3
5.40499973 4.99987602E-3 0.966980577 3.98455374E-3
5.41499996 5.00011444E-3 0.966960907 4.00051475E-3
5.42500019 4.99987602E-3 0.969729185 4.01944667E-3
5.43499994 5.00011444E-3 0.973839164 4.04388597E-3
5.44499969 4.99987602E-3 0.971708775 4.05266555E-3
5.45499992 5.00011444E-3 0.975205064 4.07625455E-3
5.46500015 4.99987602E-3 0.964527667 4.06753225E-3
5.4749999 5.00011444E-3 0.972303987 4.09863237E-3
5.48499966 4.99987602E-3 0.973624289 4.11692075E-3
5.49499989 5.00011444E-3 0.971206963 4.12674947E-3
5.50500011 5.00011444E-3 0.973817885 4.14747698E-3
5.51500034 4.99987602E-3 0.966570973 4.1480083E-3
5.5250001 5.00011444E-3 0.968566835 4.16696398E-3
5.53499985 4.99987602E-3 0.971157193 4.18765843E-3
5.54500008 5.00011444E-3 0.969587147 4.20123897E-3
5.55500031 4.99987602E-3 0.974253297 4.22558188E-3
5.56500006 5.00011444E-3 0.970241189 4.23237402E-3
5.57499981 4.99987602E-3 0.96398139 4.23421385E-3
5.58500004 5.00011444E-3 0.964681864 4.25253995E-3
5.59500027 4.99987602E-3 0.971293747 4.28208057E-3
5.60500002 5.00011444E-3 0.969056547 4.2924257E-3
5.61499977 4.99987602E-3 0.966269732 4.30241181E-3
5.625 5.00011444E-3 0.973317564 4.3318579E-3
5.63500023 4.99987602E-3 0.965782464 4.33161156E-3
5.64499998 5.00011444E-3 0.961371481 4.33978532E-3
5.65499973 4.99987602E-3 0.964918435 4.36178874E-3
5.66499996 5.00011444E-3 0.964264095 4.37707268E-3
5.67500019 4.99987602E-3 0.95877558 4.38130321E-3
5.68499994 5.00011444E-3 0.965310514 4.41133324E-3
5.69499969 4.99987602E-3 0.964397073 4.42353729E-3
5.70499992 5.00011444E-3 0.969202876 4.4521126E-3
5.71500015 4.99987602E-3 0.970550716 4.47171554E-3
5.7249999 5.00011444E-3 0.968429923 4.48199082E-3
5.73499966 4.99987602E-3 0.96684444 4.49558301E-3
5.74499989 5.00011444E-3 0.968202651 4.51562041E-3
5.75500011 5.00011444E-3 0.961257756 4.51479899E-3
5.76500034 4.99987602E-3 0.970406771 4.55294177E-3
5.7750001 5.00011444E-3 0.964724839 4.55789175E-3
5.78499985 4.99987602E-3 0.964197099 4.57113748E-3
5.79500008 5.00011444E-3 0.952462316 4.56126919E-3
5.80500031 4.99987602E-3 0.969669044 4.6177255E-3
5.81500006 5.00011444E-3 0.962553203 4.61736368E-3
5.82499981 4.99987602E-3 0.960873246 4.6289945E-3
5.83500004 5.00011444E-3 0.959650099 4.64357436E-3
5.84500027 4.99987602E-3 0.961673439 4.66591911E-3
5.85500002 5.00011444E-3 0.966138065 4.69258102E-3
5.86499977 4.99987602E-3 0.967094481 4.7116424E-3
5.875 5.00011444E-3 0.967455447 4.7278055E-3
5.88500023 4.99987602E-3 0.960366786 4.72935103E-3
5.89499998 5.00011444E-3 0.957253218 4.73968219E-3
5.90499973 4.99987602E-3 0.951859891 4.7404496E-3
5.91499996 5.00011444E-3 0.96965307 4.80091665E-3
5.92500019 4.99987602E-3 0.956924915 4.78854729E-3
5.93499994 5.00011444E-3 0.960876286 4.81462199E-3
5.94499969 4.99987602E-3 0.964761972 4.84157354E-3
5.95499992 5.00011444E-3 0.962376893 4.85225162E-3
5.96500015 4.99987602E-3 0.954134583 4.84857056E-3
5.9749999 5.00011444E-3 0.964403093 4.89235763E-3
5.98499966 4.99987602E-3 0.96023488 4.90214629E-3
5.99499989 5.00011444E-3 0.947748125 4.88681346E-3
6.00500011 5.00011444E-3 0.956545532 4.92535764E-3
6.01500034 4.99987602E-3 0.950308204 4.92692739E-3
6.0250001 5.00011444E-3 0.955126345 4.95807687E-3
6.03499985 4.99987602E-3 0.962120116 4.99632256E-3
6.04500008 5.00011444E-3 0.960255444 5.006616E-3
6.05500031 4.99987602E-3 0.955953896 5.01289824E-3
6.06500006 5.00011444E-3 0.957378924 5.03693894E-3
6.07499981 4.99987602E-3 0.952854514 5.040925E-3
6.08500004 5.00011444E-3 0.958244264 5.0751064E-3
6.09500027 4.99987602E-3 0.954654455 5.08396607E-3
6.10500002 5.00011444E-3 0.962489128 5.12034865E-3
6.11499977 4.99987602E-3 0.961791277 5.13834506E-3
6.125 5.00011444E-3 0.957470417 5.14164334E-3
6.13500023 4.99987602E-3 0.955496967 5.15522435E-3
6.14499998 5.00011444E-3 0.953335285 5.16663864E-3
6.15499973 4.99987602E-3 0.948122799 5.1707169E-3
6.16499996 5.00011444E-3 0.963822424 5.23150107E-3
6.17500019 4.99987602E-3 0.956190944 5.23070712E-3
6.18499994 5.00011444E-3 0.94481355 5.21835219E-3
6.19499969 4.99987602E-3 0.947998226 5.24516311E-3
6.20499992 5.00011444E-3 0.947853744 5.26228873E-3
6.21500015 4.99987602E-3 0.954952955 5.29960124E-3
6.2249999 5.00011444E-3 0.958800614 5.32828737E-3
6.23499966 4.99987602E-3 0.953575909 5.33099053E-3
6.24499989 5.00011444E-3 0.950168312 5.34189539E-3
6.25500011 5.00011444E-3 0.953385174 5.37495036E-3
6.26500034 4.99987602E-3 0.949096322 5.38140396E-3
6.2750001 5.00011444E-3 0.946020067 5.3916797E-3
6.28499985 4.99987602E-3 0.953938961 5.43277012E-3
6.29500008 5.00011444E-3 0.94408989 5.42428484E-3
6.30500031 4.99987602E-3 0.956016839 5.4746801E-3
6.31500006 5.00011444E-3 0.956208527 5.49604651E-3
6.32499981 4.99987602E-3 0.945269406 5.48296841E-3
6.33500004 5.00011444E-3 0.946311295 5.50429337E-3
6.34500027 4.99987602E-3 0.950975001 5.53758349E-3
6.35500002 5.00011444E-3 0.950333655 5.55679807E-3
6.36499977 4.99987602E-3 0.939486742 5.54213673E-3
6.375 5.00011444E-3 0.934861362 5.5494206E-3
6.38500023 4.99987602E-3 0.946494997 5.604818E-3
6.39499998 5.00011444E-3 0.94317466 5.61329396E-3
6.40499973 4.99987602E-3 0.940023601 5.62654575E-3
6.41499996 5.00011444E-3 0.949998379 5.67328883E-3
6.42500019 4.99987602E-3 0.943048418 5.67314681E-3
6.43499994 5.00011444E-3 0.938444376 5.67814847E-3
6.44499969 4.99987602E-3 0.945224106 5.71946101E-3
6.45499992 5.00011444E-3 0.950497448 5.76454028E-3
6.46500015 4.99987602E-3 0.943538785 5.75258583E-3
6.4749999 5.00011444E-3 0.943600595 5.77201694E-3
6.48499966 4.99987602E-3 0.953265667 5.82793728E-3
6.49499989 5.00011444E-3 0.94596535 5.82078984E-3
6.50500011 5.00011444E-3 0.942660153 5.82885137E-3
6.51500034 4.99987602E-3 0.935373306 5.8276928E-3
6.5250001 5.00011444E-3 0.939655483 5.86277852E-3
6.53499985 4.99987602E-3 0.949431598 5.91598405E-3
6.54500008 5.00011444E-3 0.943862259 5.91740292E-3
6.55500031 4.99987602E-3 0.934839904 5.91051299E-3
6.56500006 5.00011444E-3 0.939911544 5.9461426E-3
6.57499981 4.99987602E-3 0.933280826 5.94695332E-3
6.58500004 5.00011444E-3 0.938833117 5.98842604E-3
6.59500027 4.99987602E-3 0.949222445 6.03804458E-3
6.60500002 5.00011444E-3 0.944531739 6.04347978E-3
6.61499977 4.99987602E-3 0.932388365 6.02632621E-3
6.625 5.00011444E-3 0.949296832 6.10423693E-3
6.63500023 4.99987602E-3 0.945143878 6.10688562E-3
6.64499998 5.00011444E-3 0.94461894 6.12923456E-3
6.65499973 4.99987602E-3 0.940509737 6.1331843E-3
6.66499996 5.00011444E-3 0.938686192 6.15009107E-3
6.67500019 4.99987602E-3 0.94984901 6.21324079E-3
6.68499994 5.00011444E-3 0.930634856 6.1718435E-3
6.69499969 4.99987602E-3 0.947634697 6.2493654E-3
6.70499992 5.00011444E-3 0.94136107 6.2465095E-3
6.71500015 4.99987602E-3 0.93994838 6.262857E-3
6.7249999 5.00011444E-3 0.930690825 6.25636568E-3
6.73499966 4.99987602E-3 0.93901962 6.30745944E-3
6.74499989 5.00011444E-3 0.941589236 6.33314066E-3
6.75500011 5.00011444E-3 0.942477763 6.36005308E-3
6.76500034 4.99987602E-3 0.925938129 6.33218978E-3
6.7750001 5.00011444E-3 0.932756841 6.37446297E-3
6.78499985 4.99987602E-3 0.934570372 6.40432211E-3
6.79500008 5.00011444E-3 0.920258284 6.37673168E-3
6.80500031 4.99987602E-3 0.933606744 6.44164486E-3
6.81500006 5.00011444E-3 0.927608669 6.44582417E-3
6.82499981 4.99987602E-3 0.938633978 6.50477363E-3
6.83500004 5.00011444E-3 0.921161532 6.46412885E-3
6.84500027 4.99987602E-3 0.942452431 6.56213332E-3
6.85500002 5.00011444E-3 0.924858928 6.53111795E-3
6.86499977 4.99987602E-3 0.940747023 6.60459464E-3
6.875 5.00011444E-3 0.925956786 6.57196762E-3
6.88500023 4.99987602E-3 0.930842102 6.61897659E-3
6.89499998 5.00011444E-3 0.942842066 6.68099988E-3
6.90499973 4.99987602E-3 0.924897611 6.63323421E-3
6.91499996 5.00011444E-3 0.936977804 6.70041237E-3
6.92500019 4.99987602E-3 0.935655117 6.72863796E-3
6.93499994 5.00011444E-3 0.932366967 6.7375768E-3
6.94499969 4.99987602E-3 0.926457942 6.73186639E-3
6.95499992 5.00011444E-3 0.915856063 6.7180614E-3
6.96500015 4.99987602E-3 0.939443409 6.82998681E-3
6.9749999 5.00011444E-3 0.932213604 6.82419166E-3
6.98499966 4.99987602E-3 0.929968774 6.83971308E-3
6.99499989 5.00011444E-3 0.92188549 6.83450839E-3
7.00500011 5.00011444E-3 0.919409931 6.84977882E-3
7.01500034 4.99987602E-3 0.922193229 6.88308338E-3
7.0250001 5.00011444E-3 0.925094962 6.91692438E-3
7.03499985 4.99987602E-3 0.929156184 6.95833843E-3
7.04500008 5.00011444E-3 0.92907536 6.99095288E-3
7.05500031 4.99987602E-3 0.926435113 7.00067729E-3
7.06500006 5.00011444E-3 0.931043684 7.04371324E-3
7.07499981 4.99987602E-3 0.936000943 7.08062109E-3
7.08500004 5.00011444E-3 0.916201234 7.0302533E-3
7.09500027 4.99987602E-3 0.919254959 7.06673739E-3
7.10500002 5.00011444E-3 0.93564117 7.16278376E-3
7.11499977 4.99987602E-3 0.913983822 7.10125407E-3
7.125 5.00011444E-3 0.919099987 7.14604696E-3
7.13500023 4.99987602E-3 0.914374232 7.15753715E-3
7.14499998 5.00011444E-3 0.913498163 7.17378268E-3
7.15499973 4.99987602E-3 0.923076868 7.23422971E-3
7.16499996 5.00011444E-3 0.923792303 7.26242503E-3
7.17500019 4.99987602E-3 0.925249994 7.30483094E-3
7.18499994 5.00011444E-3 0.90961808 7.26202829E-3
7.19499969 4.99987602E-3 0.916431189 7.30923377E-3
7.20499992 5.00011444E-3 0.919253469 7.34748598E-3
7.21500015 4.99987602E-3 0.921793878 7.38947E-3
7.2249999 5.00011444E-3 0.928959668 7.45838322E-3
7.23499966 4.99987602E-3 0.923234046 7.44261686E-3
7.24499989 5.00011444E-3 0.923250616 7.46405777E-3
7.25500011 5.00011444E-3 0.921070933 7.48135056E-3
7.26500034 4.99987602E-3 0.913088381 7.47217704E-3
7.2750001 5.00011444E-3 0.907246113 7.47812865E-3
7.28499985 4.99987602E-3 0.916027248 7.5476449E-3
7.29500008 5.00011444E-3 0.921914399 7.59398751E-3
7.30500031 4.99987602E-3 0.907748878 7.55787548E-3
7.31500006 5.00011444E-3 0.909850895 7.5929435E-3
7.32499981 4.99987602E-3 0.907237828 7.61998165E-3
7.33500004 5.00011444E-3 0.915344775 7.67607195E-3
7.34500027 4.99987602E-3 0.915096104 7.69590633E-3
7.35500002 5.00011444E-3 0.914638817 7.72895897E-3
7.36499977 4.99987602E-3 0.909833789 7.72967283E-3
7.375 5.00011444E-3 0.911929131 7.76440045E-3
7.38500023 4.99987602E-3 0.904966056 7.76688149E-3
7.39499998 5.00011444E-3 0.922145963 7.86091574E-3
7.40499973 4.99987602E-3 0.910287321 7.83904828E-3
7.41499996 5.00011444E-3 0.917032719 7.8978939E-3
7.42500019 4.99987602E-3 0.906015217 7.88670406E-3
7.43499994 5.00011444E-3 0.910551667 7.92910438E-3
7.44499969 4.99987602E-3 0.903029621 7.91632384E-3
7.45499992 5.00011444E-3 0.914029121 7.98302889E-3
7.46500015 4.99987602E-3 0.900640607 7.95518048E-3
7.4749999 5.00011444E-3 0.908439696 8.02056026E-3
7.48499966 4.99987602E-3 0.928744733 8.14193394E-3
7.49499989 5.00011444E-3 0.904444873 8.08410347E-3
7.50500011 5.00011444E-3 0.908509731 8.10595509E-3
7.51500034 4.99987602E-3 0.919124901 8.17679893E-3
7.5250001 5.00011444E-3 0.904051065 8.14040005E-3
7.53499985 4.99987602E-3 0.913466275 8.21581576E-3
7.54500008 5.00011444E-3 0.913251042 8.24327022E-3
7.55500031 4.99987602E-3 0.91107434 8.26370157E-3
7.56500006 5.00011444E-3 0.919428468 8.32247455E-3
7.57499981 4.99987602E-3 0.905843973 8.28818139E-3
7.58500004 5.00011444E-3 0.889950097 8.25163536E-3
7.59500027 4.99987602E-3 0.902261615 8.33851285E-3
7.60500002 5.00011444E-3 0.902161658 8.36693775E-3
7.61499977 4.99987602E-3 0.89699167 8.36418103E-3
7.625 5.00011444E-3 0.892610848 8.37066118E-3
7.63500023 4.99987602E-3 0.878195763 8.33856873E-3
7.64499998 5.00011444E-3 0.903532326 8.48989096E-3
7.65499973 4.99987602E-3 0.892094553 8.45875219E-3
7.66499996 5.00011444E-3 0.912894845 8.5874591E-3
7.67500019 4.99987602E-3 0.887521803 8.50874744E-3
7.68499994 5.00011444E-3 0.890806854 8.53033271E-3
7.69499969 4.99987602E-3 0.893666923 8.56612064E-3
7.70499992 5.00011444E-3 0.90120852 8.64004623E-3
7.71500015 4.99987602E-3 0.904890418 8.68949387E-3
7.7249999 5.00011444E-3 0.884588361 8.62363819E-3
7.73499966 4.99987602E-3 0.890773416 8.69314373E-3
7.74499989 5.00011444E-3 0.906768024 8.79138336E-3
7.75500011 5.00011444E-3 0.904832244 8.81350692E-3
7.76500034 4.99987602E-3 0.909279704 8.86392687E-3
7.7750001 5.00011444E-3 0.898480415 8.84770323E-3
7.78499985 4.99987602E-3 0.89424926 8.87722801E-3
7.79500008 5.00011444E-3 0.907204211 8.95643607E-3
7.80500031 4.99987602E-3 0.884426236 8.87501985E-3
7.81500006 5.00011444E-3 0.890997112 8.94984417E-3
7.82499981 4.99987602E-3 0.888154387 8.95125698E-3
7.83500004 5.00011444E-3 0.902232409 9.04384814E-3
7.84500027 4.99987602E-3 0.887042046 8.99843499E-3
7.85500002 5.00011444E-3 0.869480669 8.95246305E-3
7.86499977 4.99987602E-3 0.902884483 9.15744063E-3
7.875 5.00011444E-3 0.89071542 9.12791584E-3
7.88500023 4.99987602E-3 0.881039858 9.10044368E-3
7.89499998 5.00011444E-3 0.890951514 9.17887315E-3
7.90499973 4.99987602E-3 0.87577337 9.1289822E-3
7.91499996 5.00011444E-3 0.893597841 9.24957823E-3
7.92500019 4.99987602E-3 0.907715976 9.37051419E-3
7.93499994 5.00011444E-3 0.894739032 9.33899265E-3
7.94499969 4.99987602E-3 0.894390881 9.36690718E-3
7.95499992 5.00011444E-3 0.901792526 9.44093894E-3
7.96500015 4.99987602E-3 0.87444818 9.32843797E-3
7.9749999 5.00011444E-3 0.887696207 9.43597779E-3
7.98499966 4.99987602E-3 0.888742745 9.46312584E-3
