READ SERR 1 2
@crab_ratio_SA80_d51.pco
!
0.254999995 4.99999523E-3 1.55215907 8.65210779E-3
0.264999986 5.00001013E-3 1.49022257 7.72908563E-3
0.275000006 4.99999523E-3 1.41966486 6.95006922E-3
0.284999996 4.99999523E-3 1.35794246 6.28015306E-3
0.295000017 5.00001013E-3 1.30978882 5.67606883E-3
0.305000007 4.99999523E-3 1.25822794 5.12775173E-3
0.314999998 4.99999523E-3 1.19293916 4.57031E-3
0.324999988 5.00001013E-3 1.15480685 4.09090333E-3
0.335000008 4.99999523E-3 1.12117362 3.65586765E-3
0.344999999 4.99999523E-3 1.0874753 3.25924484E-3
0.355000019 5.00001013E-3 1.05895662 2.90516834E-3
0.36500001 4.99999523E-3 1.04253674 2.60510412E-3
0.375 4.99999523E-3 1.0246706 2.33495585E-3
0.38499999 4.99999523E-3 1.01653969 2.10752897E-3
0.394999981 5.00001013E-3 1.00332284 1.90255872E-3
0.405000001 4.99999523E-3 1.00313675 1.73358538E-3
0.414999992 4.99999523E-3 0.999263942 1.58375513E-3
0.425000012 5.00001013E-3 0.997319043 1.45479431E-3
0.435000002 4.99999523E-3 0.998254418 1.3459922E-3
0.444999993 4.99999523E-3 0.998692036 1.25313166E-3
0.454999983 5.00001013E-3 1.00132966 1.17654772E-3
0.465000004 4.99999523E-3 1.00391817 1.11402036E-3
0.474999994 4.99999523E-3 1.00629413 1.06365909E-3
0.485000014 5.00001013E-3 1.00667655 1.02424726E-3
0.495000005 4.99999523E-3 1.00601637 9.95527371E-4
0.504999995 4.99999523E-3 1.00586522 9.77407326E-4
0.514999986 4.99999523E-3 1.00110221 9.65952815E-4
0.524999976 4.99999523E-3 0.994759917 9.61059821E-4
0.534999967 5.00002503E-3 0.986292899 9.59496247E-4
0.545000017 4.99999523E-3 0.973297 9.56945063E-4
0.555000007 4.99999523E-3 0.964909315 9.5435913E-4
0.564999998 4.99999523E-3 0.957808673 9.4710663E-4
0.574999988 4.99999523E-3 0.95237124 9.33976029E-4
0.584999979 4.99999523E-3 0.9533723 9.17522237E-4
0.595000029 5.00002503E-3 0.957555592 8.97873775E-4
0.605000019 4.99999523E-3 0.963854253 8.76492995E-4
0.61500001 4.99999523E-3 0.972750485 8.55709659E-4
0.625 4.99999523E-3 0.980212629 8.34843842E-4
0.63499999 4.99999523E-3 0.989719093 8.1661169E-4
0.644999981 4.99999523E-3 0.998472631 8.00211856E-4
0.654999971 5.00002503E-3 1.00550878 7.85377808E-4
0.665000021 4.99999523E-3 1.01510298 7.73920503E-4
0.675000012 4.99999523E-3 1.02347243 7.64028984E-4
0.685000002 4.99999523E-3 1.02733195 7.54244567E-4
0.694999993 4.99999523E-3 1.03190696 7.46095844E-4
0.704999983 4.99999523E-3 1.03477788 7.38281175E-4
0.715000033 5.00002503E-3 1.03405213 7.29637104E-4
0.725000024 4.99999523E-3 1.03576648 7.21912482E-4
0.735000014 4.99999523E-3 1.03399229 7.12915848E-4
0.745000005 4.99999523E-3 1.03330505 7.04291859E-4
0.754999995 4.99999523E-3 1.03227222 6.9560291E-4
0.764999986 4.99999523E-3 1.02999389 6.8679807E-4
0.774999976 4.99999523E-3 1.02848387 6.78690732E-4
0.784999967 5.00002503E-3 1.02589965 6.7101483E-4
0.795000017 4.99999523E-3 1.0243963 6.64449937E-4
0.805000007 4.99999523E-3 1.02312541 6.58907578E-4
0.814999998 4.99999523E-3 1.02045166 6.53894735E-4
0.824999988 4.99999523E-3 1.01504982 6.48988644E-4
0.834999979 4.99999523E-3 1.01094377 6.45536871E-4
0.845000029 5.00002503E-3 1.00611818 6.42703497E-4
0.855000019 4.99999523E-3 1.0010308 6.40510174E-4
0.86500001 4.99999523E-3 0.996365249 6.38987811E-4
0.875 4.99999523E-3 0.990300477 6.37255551E-4
0.88499999 4.99999523E-3 0.987759352 6.36660785E-4
0.894999981 4.99999523E-3 0.984690309 6.35690696E-4
0.904999971 5.00002503E-3 0.983708918 6.35109667E-4
0.915000021 4.99999523E-3 0.982186854 6.33998134E-4
0.925000012 4.99999523E-3 0.982305944 6.33148069E-4
0.935000002 4.99999523E-3 0.982454062 6.32047653E-4
0.944999993 4.99999523E-3 0.983584404 6.31184492E-4
0.954999983 4.99999523E-3 0.986238122 6.30766386E-4
0.965000033 5.00002503E-3 0.987097919 6.29833434E-4
0.975000024 4.99999523E-3 0.988187671 6.29081274E-4
0.985000014 4.99999523E-3 0.989105284 6.28418522E-4
0.995000005 4.99999523E-3 0.989368439 6.27662288E-4
1.005 4.99999523E-3 0.990117788 6.27253205E-4
1.01499999 4.99999523E-3 0.992881656 6.27601403E-4
1.02499998 4.99999523E-3 0.991642118 6.2683475E-4
1.03499997 4.99999523E-3 0.9939785 6.27353031E-4
1.04499996 4.99999523E-3 0.992396653 6.26734633E-4
1.05499995 4.99999523E-3 0.991057694 6.26363035E-4
1.06500006 5.00005484E-3 0.991488099 6.26657798E-4
1.07500005 4.99999523E-3 0.991600633 6.26976951E-4
1.08500004 4.99999523E-3 0.990923703 6.27138885E-4
1.09500003 4.99999523E-3 0.990887344 6.27649308E-4
1.10500002 4.99999523E-3 0.991428196 6.28439069E-4
1.11500001 4.99999523E-3 0.991769791 6.29294664E-4
1.125 4.99999523E-3 0.991599381 6.30098861E-4
1.13499999 4.99999523E-3 0.991229475 6.3092768E-4
1.14499998 4.99999523E-3 0.991381288 6.3202274E-4
1.15499997 4.99999523E-3 0.992400289 6.3352345E-4
1.16499996 4.99999523E-3 0.991554797 6.34517113E-4
1.17499995 4.99999523E-3 0.992064059 6.3605007E-4
1.18499994 5.00005484E-3 0.992498159 6.37661899E-4
1.19500005 4.99999523E-3 0.992634833 6.39237813E-4
1.20500004 4.99999523E-3 0.992657959 6.40894868E-4
1.21500003 4.99999523E-3 0.993526816 6.42927829E-4
1.22500002 4.99999523E-3 0.993314981 6.44705666E-4
1.23500001 4.99999523E-3 0.99475503 6.47089153E-4
1.245 4.99999523E-3 0.993692219 6.48796267E-4
1.255 4.99999523E-3 0.994930267 6.5137312E-4
1.26499999 4.99999523E-3 0.993724406 6.53277442E-4
1.27499998 4.99999523E-3 0.993917882 6.55749347E-4
1.28499997 4.99999523E-3 0.99360466 6.58193894E-4
1.29499996 4.99999523E-3 0.992459118 6.6049688E-4
1.30499995 4.99999523E-3 0.990149319 6.62451319E-4
1.31500006 5.00005484E-3 0.990636468 6.65400526E-4
1.32500005 4.99999523E-3 0.99085623 6.68314518E-4
1.33500004 4.99999523E-3 0.991140902 6.71228336E-4
1.34500003 4.99999523E-3 0.991704762 6.74197625E-4
1.35500002 4.99999523E-3 0.993586421 6.77563017E-4
1.36500001 4.99999523E-3 0.992566943 6.79923745E-4
1.375 4.99999523E-3 0.992410004 6.8251061E-4
1.38499999 4.99999523E-3 0.991794825 6.84901141E-4
1.39499998 4.99999523E-3 0.993634343 6.88151806E-4
1.40499997 4.99999523E-3 0.994460821 6.91025052E-4
1.41499996 4.99999523E-3 0.993207753 6.93204638E-4
1.42499995 4.99999523E-3 0.992583692 6.955922E-4
1.43499994 5.00005484E-3 0.993559122 6.985988E-4
1.44500005 4.99999523E-3 0.995344281 7.01927172E-4
1.45500004 4.99999523E-3 0.994598031 7.04415899E-4
1.46500003 4.99999523E-3 0.995772243 7.07683968E-4
1.47500002 4.99999523E-3 0.994214833 7.100894E-4
1.48500001 4.99999523E-3 0.997335672 7.14412017E-4
1.495 4.99999523E-3 0.995813429 7.17232178E-4
1.505 4.99999523E-3 0.996824265 7.21301534E-4
1.51499999 4.99999523E-3 0.995826483 7.24989513E-4
1.52499998 4.99999523E-3 0.995393395 7.29241699E-4
1.53499997 4.99999523E-3 0.993454397 7.331901E-4
1.54499996 4.99999523E-3 0.994336903 7.38517148E-4
1.55499995 4.99999523E-3 0.992946982 7.43187673E-4
1.56500006 5.00005484E-3 0.992062092 7.48074264E-4
1.57500005 4.99999523E-3 0.991860151 7.53091241E-4
1.58500004 4.99999523E-3 0.99056381 7.57492031E-4
1.59500003 4.99999523E-3 0.990313649 7.61962787E-4
1.60500002 4.99999523E-3 0.991292894 7.66549842E-4
1.61500001 4.99999523E-3 0.994823515 7.71799241E-4
1.625 4.99999523E-3 0.996509254 7.75990891E-4
1.63499999 4.99999523E-3 0.998018086 7.79877475E-4
1.64499998 4.99999523E-3 0.999308765 7.83474476E-4
1.65499997 4.99999523E-3 1.0021925 7.87610246E-4
1.66499996 4.99999523E-3 1.00399435 7.91169354E-4
1.67499995 4.99999523E-3 1.00702488 7.94995518E-4
1.68499994 5.00005484E-3 1.00875497 7.98108114E-4
1.69500005 4.99999523E-3 1.008587 8.00014765E-4
1.70500004 4.99999523E-3 1.00917923 8.01695976E-4
1.71500003 4.99999523E-3 1.00755227 8.01975664E-4
1.72500002 4.99999523E-3 1.00509334 8.01503717E-4
1.73500001 4.99999523E-3 1.00053847 7.99968897E-4
1.745 4.99999523E-3 0.99613452 7.98644789E-4
1.755 4.99999523E-3 0.993529737 7.98558001E-4
1.76499999 4.99999523E-3 0.987926304 7.98167195E-4
1.77499998 4.99999523E-3 0.988075554 8.01417162E-4
1.78499997 4.99999523E-3 0.98917222 8.06572847E-4
1.79499996 4.99999523E-3 0.986494303 8.11861246E-4
1.80499995 4.99999523E-3 0.988309145 8.20778834E-4
1.81500006 5.00005484E-3 0.98978883 8.31101323E-4
1.82500005 4.99999523E-3 0.990547657 8.42621725E-4
1.83500004 4.99999523E-3 0.989947319 8.54533282E-4
1.84500003 4.99999523E-3 0.99475354 8.69406154E-4
1.85500002 4.99999523E-3 0.994733632 8.82261491E-4
1.86500001 4.99999523E-3 0.995331526 8.94841622E-4
1.875 4.99999523E-3 0.994412482 9.05861845E-4
1.88499999 4.99999523E-3 0.99616009 9.16622288E-4
1.89499998 4.99999523E-3 0.996499538 9.25607106E-4
1.90499997 4.99999523E-3 0.997006953 9.33211064E-4
1.91499996 4.99999523E-3 0.998536944 9.40295402E-4
1.92499995 4.99999523E-3 0.999091446 9.46173444E-4
1.93499994 5.00005484E-3 1.00011241 9.51745431E-4
1.94500005 4.99999523E-3 1.00148833 9.57184471E-4
1.95500004 4.99999523E-3 1.0028677 9.62525897E-4
1.96500003 4.99999523E-3 1.00359559 9.67435772E-4
1.97500002 4.99999523E-3 1.00389719 9.72408568E-4
1.98500001 4.99999523E-3 1.00462794 9.77622694E-4
1.995 4.99999523E-3 1.00666618 9.83664533E-4
2.00500011 4.99999523E-3 1.00746703 9.8914071E-4
2.01499987 4.99999523E-3 1.00603652 9.93760768E-4
2.0250001 4.99999523E-3 1.00764036 1.00005674E-3
2.03499985 4.99999523E-3 1.00923479 1.00649323E-3
2.04500008 4.99999523E-3 1.01069641 1.01312797E-3
2.05499983 4.99999523E-3 1.01074839 1.019157E-3
2.06500006 4.99999523E-3 1.00892425 1.02433434E-3
2.07499981 4.99999523E-3 1.01175189 1.03225838E-3
2.08500004 4.99999523E-3 1.01229537 1.03941979E-3
2.09499979 4.99999523E-3 1.01125169 1.04602263E-3
2.10500002 4.99999523E-3 1.01293778 1.05456903E-3
2.11499977 4.99999523E-3 1.01339257 1.06323836E-3
2.125 5.00011444E-3 1.01400208 1.07267126E-3
2.13500023 4.99999523E-3 1.01624858 1.08420756E-3
2.14499998 4.99999523E-3 1.0149895 1.0952109E-3
2.15500021 4.99999523E-3 1.02015162 1.11124839E-3
2.16499996 4.99999523E-3 1.01750088 1.12504384E-3
2.17500019 4.99999523E-3 1.02020001 1.14429859E-3
2.18499994 4.99999523E-3 1.02030587 1.16472156E-3
2.19500017 4.99999523E-3 1.02049255 1.188008E-3
2.20499992 4.99999523E-3 1.02107036 1.21459877E-3
2.21500015 4.99999523E-3 1.02291548 1.24476186E-3
2.2249999 4.99999523E-3 1.02252793 1.27614709E-3
2.23500013 4.99999523E-3 1.02112103 1.30906503E-3
2.24499989 4.99999523E-3 1.02591383 1.34735776E-3
2.25500011 4.99999523E-3 1.02755046 1.38372218E-3
2.26499987 4.99999523E-3 1.02925611 1.41967391E-3
2.2750001 4.99999523E-3 1.03363335 1.45578198E-3
2.28499985 4.99999523E-3 1.03926563 1.49024592E-3
2.29500008 4.99999523E-3 1.04287779 1.51977548E-3
2.30499983 4.99999523E-3 1.04687822 1.54578744E-3
2.31500006 4.99999523E-3 1.05176377 1.56890752E-3
2.32499981 4.99999523E-3 1.05146992 1.58382661E-3
2.33500004 4.99999523E-3 1.05232954 1.59591681E-3
2.34499979 4.99999523E-3 1.05520284 1.60580885E-3
2.35500002 4.99999523E-3 1.04960406 1.60649058E-3
2.36499977 4.99999523E-3 1.04746926 1.60759781E-3
2.375 5.00011444E-3 1.04788029 1.60853355E-3
2.38500023 4.99999523E-3 1.04677498 1.60708104E-3
2.39499998 4.99999523E-3 1.04802978 1.6067822E-3
2.40500021 4.99999523E-3 1.0433017 1.60157599E-3
2.41499996 4.99999523E-3 1.04214346 1.59912067E-3
2.42500019 4.99999523E-3 1.03986478 1.59629341E-3
2.43499994 4.99999523E-3 1.04179144 1.59706327E-3
2.44500017 4.99999523E-3 1.03568101 1.59203995E-3
2.45499992 4.99999523E-3 1.03484499 1.59177324E-3
2.46500015 4.99999523E-3 1.03506744 1.59316766E-3
2.4749999 4.99999523E-3 1.03571951 1.59504241E-3
2.48500013 4.99999523E-3 1.03270733 1.59508095E-3
2.49499989 4.99999523E-3 1.03405595 1.59836537E-3
2.50500011 4.99999523E-3 1.029387 1.59736711E-3
2.51499987 4.99999523E-3 1.03449869 1.6043965E-3
2.5250001 4.99999523E-3 1.02993488 1.60437485E-3
2.53499985 4.99999523E-3 1.0283004 1.60665275E-3
2.54500008 4.99999523E-3 1.03192341 1.61380542E-3
2.55499983 4.99999523E-3 1.02924621 1.61574129E-3
2.56500006 4.99999523E-3 1.0317049 1.62213645E-3
2.57499981 4.99999523E-3 1.02879643 1.6245452E-3
2.58500004 4.99999523E-3 1.02978706 1.63063197E-3
2.59499979 4.99999523E-3 1.03154004 1.63793995E-3
2.60500002 4.99999523E-3 1.03311527 1.64500356E-3
2.61499977 4.99999523E-3 1.03489578 1.65263133E-3
2.625 5.00011444E-3 1.03404796 1.65886828E-3
2.63500023 4.99999523E-3 1.03624773 1.66812446E-3
2.64499998 4.99999523E-3 1.03571451 1.67553616E-3
2.65500021 4.99999523E-3 1.03904188 1.68664858E-3
2.66499996 4.99999523E-3 1.03880167 1.69530511E-3
2.67500019 4.99999523E-3 1.04080582 1.70603429E-3
2.68499994 4.99999523E-3 1.04291272 1.71756011E-3
2.69500017 4.99999523E-3 1.038499 1.72374514E-3
2.70499992 4.99999523E-3 1.04286814 1.73752964E-3
2.71500015 4.99999523E-3 1.03628826 1.74191664E-3
2.7249999 4.99999523E-3 1.035761 1.75141229E-3
2.73500013 4.99999523E-3 1.03738523 1.76224438E-3
2.74499989 4.99999523E-3 1.03331828 1.76779635E-3
2.75500011 4.99999523E-3 1.02775049 1.77102804E-3
2.76499987 4.99999523E-3 1.03210759 1.78246666E-3
2.7750001 4.99999523E-3 1.02684093 1.78422837E-3
2.78499985 4.99999523E-3 1.03009617 1.79288094E-3
2.79500008 4.99999523E-3 1.02996516 1.79827353E-3
2.80499983 4.99999523E-3 1.02721524 1.80018239E-3
2.81500006 4.99999523E-3 1.02884889 1.8056453E-3
2.82499981 4.99999523E-3 1.02519512 1.80671783E-3
2.83500004 4.99999523E-3 1.03027415 1.81474176E-3
2.84499979 4.99999523E-3 1.02651632 1.815203E-3
2.85500002 4.99999523E-3 1.03015625 1.82246172E-3
2.86499977 4.99999523E-3 1.02847421 1.82452949E-3
2.875 5.00011444E-3 1.02949953 1.82930822E-3
2.88500023 4.99999523E-3 1.02886951 1.83297554E-3
2.89499998 4.99999523E-3 1.02622116 1.83510373E-3
2.90500021 4.99999523E-3 1.02632844 1.83992158E-3
2.91499996 4.99999523E-3 1.02533579 1.84357422E-3
2.92500019 4.99999523E-3 1.02329922 1.84649951E-3
2.93499994 4.99999523E-3 1.02156866 1.84998161E-3
2.94500017 4.99999523E-3 1.0250814 1.85838703E-3
2.95499992 4.99999523E-3 1.02694583 1.8654156E-3
2.96500015 4.99999523E-3 1.02432609 1.86848E-3
2.9749999 4.99999523E-3 1.01988888 1.86954509E-3
2.98500013 4.99999523E-3 1.02522099 1.88048079E-3
2.99499989 4.99999523E-3 1.0245719 1.885504E-3
3.00500011 4.99999523E-3 1.0234865 1.89089682E-3
3.01499987 4.99999523E-3 1.02284753 1.89621444E-3
3.0250001 4.99999523E-3 1.02054656 1.90068281E-3
3.03499985 4.99999523E-3 1.01870561 1.90517073E-3
3.04500008 4.99999523E-3 1.0208838 1.91401003E-3
3.05499983 4.99999523E-3 1.01946747 1.919367E-3
3.06500006 4.99999523E-3 1.01813436 1.92524993E-3
3.07499981 4.99999523E-3 1.01681685 1.9318026E-3
3.08500004 4.99999523E-3 1.01807535 1.94006169E-3
3.09499979 4.99999523E-3 1.01766348 1.94742298E-3
3.10500002 4.99999523E-3 1.01448715 1.95291231E-3
3.11499977 4.99999523E-3 1.01583982 1.961987E-3
3.125 5.00011444E-3 1.0140878 1.96894584E-3
3.13500023 4.99999523E-3 1.01305771 1.97578082E-3
3.14499998 4.99999523E-3 1.01494288 1.98640767E-3
3.15500021 4.99999523E-3 1.01260662 1.99219421E-3
3.16499996 4.99999523E-3 1.01033103 1.99833722E-3
3.17500019 4.99999523E-3 1.01355052 2.01001926E-3
3.18499994 4.99999523E-3 1.01176107 2.01676227E-3
3.19500017 4.99999523E-3 1.01114976 2.02408875E-3
3.20499992 4.99999523E-3 1.01187849 2.03254563E-3
3.21500015 4.99999523E-3 1.01452494 2.04256456E-3
3.2249999 4.99999523E-3 1.01299191 2.04827264E-3
3.23500013 4.99999523E-3 1.01441038 2.05729436E-3
3.24499989 4.99999523E-3 1.01150584 2.06098612E-3
3.25500011 4.99999523E-3 1.01512599 2.07150122E-3
3.26499987 4.99999523E-3 1.01893783 2.08245614E-3
3.2750001 4.99999523E-3 1.01221693 2.08255602E-3
3.28499985 4.99999523E-3 1.01425099 2.09115399E-3
3.29500008 4.99999523E-3 1.01178384 2.09552702E-3
3.30499983 4.99999523E-3 1.01130474 2.10252823E-3
3.31500006 4.99999523E-3 1.01012588 2.10821698E-3
3.32499981 4.99999523E-3 1.00981212 2.11472274E-3
3.33500004 4.99999523E-3 1.01223671 2.12460896E-3
3.34499979 4.99999523E-3 1.00631869 2.12602946E-3
3.35500002 4.99999523E-3 1.01142716 2.13932944E-3
3.36499977 4.99999523E-3 1.00544357 2.14131339E-3
3.375 5.00011444E-3 1.01189458 2.15604529E-3
3.38500023 4.99999523E-3 1.0053755 2.15719151E-3
3.39499998 4.99999523E-3 1.00352681 2.16388027E-3
3.40500021 4.99999523E-3 1.00652432 2.17546802E-3
3.41499996 4.99999523E-3 1.00323617 2.17997422E-3
3.42500019 4.99999523E-3 1.00907695 2.19476479E-3
3.43499994 4.99999523E-3 1.00069118 2.19401694E-3
3.44500017 4.99999523E-3 1.00289655 2.20491481E-3
3.45499992 4.99999523E-3 1.00525212 2.21573678E-3
3.46500015 4.99999523E-3 1.00438535 2.22226931E-3
3.4749999 4.99999523E-3 0.99737972 2.22257129E-3
3.48500013 4.99999523E-3 1.0006479 2.23316485E-3
3.49499989 4.99999523E-3 1.00314832 2.24389974E-3
3.50500011 4.99999523E-3 0.994550765 2.240984E-3
3.51499987 4.99999523E-3 1.00299358 2.25819112E-3
3.5250001 4.99999523E-3 0.999780238 2.26199045E-3
3.53499985 4.99999523E-3 1.00005794 2.2690834E-3
3.54500008 4.99999523E-3 1.00054264 2.27704248E-3
3.55499983 4.99999523E-3 0.999175489 2.28283089E-3
3.56500006 4.99999523E-3 1.00055718 2.29208567E-3
3.57499981 4.99999523E-3 1.0000844 2.2996529E-3
3.58500004 4.99999523E-3 1.00101829 2.30829371E-3
3.59499979 4.99999523E-3 0.999050677 2.31356709E-3
3.60500002 4.99999523E-3 1.00020373 2.32326845E-3
3.61499977 4.99999523E-3 1.00108182 2.33255257E-3
3.625 5.00011444E-3 0.999696016 2.33899779E-3
3.63500023 4.99999523E-3 0.999063373 2.34697293E-3
3.64499998 4.99999523E-3 0.998540938 2.35443842E-3
3.65500021 4.99999523E-3 0.998645306 2.36345152E-3
3.66499996 4.99999523E-3 0.995485187 2.36809044E-3
3.67500019 4.99999523E-3 1.00036061 2.38232897E-3
3.68499994 4.99999523E-3 1.00201833 2.39307247E-3
3.69500017 4.99999523E-3 0.999376714 2.39891023E-3
3.70499992 4.99999523E-3 0.997297108 2.40501994E-3
3.71500015 4.99999523E-3 0.999255002 2.41699745E-3
3.7249999 4.99999523E-3 0.998034954 2.42422684E-3
3.73500013 4.99999523E-3 0.998900652 2.43402156E-3
3.74499989 4.99999523E-3 0.995525241 2.43886071E-3
3.75500011 4.99999523E-3 1.00209343 2.45708879E-3
3.76499987 4.99999523E-3 0.996710002 2.45898264E-3
3.7750001 4.99999523E-3 0.997982025 2.46934616E-3
3.78499985 4.99999523E-3 1.00170755 2.48326268E-3
3.79500008 4.99999523E-3 0.997437894 2.48712231E-3
3.80499983 4.99999523E-3 0.995202541 2.49390211E-3
3.81500006 4.99999523E-3 0.998471558 2.50702281E-3
3.82499981 4.99999523E-3 0.996219516 2.51465058E-3
3.83500004 4.99999523E-3 0.997362137 2.524907E-3
3.84499979 4.99999523E-3 1.00011861 2.53755576E-3
3.85500002 4.99999523E-3 1.00063562 2.54773162E-3
3.86499977 4.99999523E-3 0.994767547 2.55012047E-3
3.875 5.00011444E-3 0.99758774 2.56252754E-3
3.88500023 4.99999523E-3 0.995759189 2.57054251E-3
3.89499998 4.99999523E-3 0.994082987 2.57746689E-3
3.90500021 4.99999523E-3 0.991484821 2.58391676E-3
3.91499996 4.99999523E-3 0.99592489 2.59947125E-3
3.92500019 4.99999523E-3 0.995085061 2.60904082E-3
3.93499994 4.99999523E-3 0.992837191 2.61589698E-3
3.94500017 4.99999523E-3 0.996332347 2.62992759E-3
3.95499992 4.99999523E-3 0.994580388 2.63829203E-3
3.96500015 4.99999523E-3 0.998263597 2.65258597E-3
3.9749999 4.99999523E-3 0.99736625 2.66184472E-3
3.98500013 4.99999523E-3 0.994464099 2.66826269E-3
3.99499989 4.99999523E-3 0.990079582 2.67185504E-3
4.00500011 5.00011444E-3 0.991236329 2.68361787E-3
4.01500034 4.99987602E-3 0.991536319 2.69445777E-3
4.0250001 5.00011444E-3 0.998179495 2.71365675E-3
4.03499985 4.99987602E-3 0.993856847 2.71869497E-3
4.04500008 5.00011444E-3 0.990006626 2.72460212E-3
4.05500031 4.99987602E-3 0.991527438 2.73636496E-3
4.06500006 5.00011444E-3 0.993549407 2.74888636E-3
4.07499981 4.99987602E-3 0.992658317 2.75799748E-3
4.08500004 5.00011444E-3 0.993386209 2.76968442E-3
4.09500027 4.99987602E-3 0.997689784 2.78626825E-3
4.10500002 5.00011444E-3 0.995033145 2.79325619E-3
4.11499977 4.99987602E-3 0.992333591 2.80073914E-3
4.125 5.00011444E-3 0.990053356 2.80877063E-3
4.13500023 4.99987602E-3 0.985736728 2.81226938E-3
4.14499998 5.00011444E-3 0.990760803 2.82980246E-3
4.15499973 4.99987602E-3 0.992205918 2.8436447E-3
4.16499996 5.00011444E-3 0.987693608 2.84764543E-3
4.17500019 4.99987602E-3 0.990070939 2.86190188E-3
4.18499994 5.00011444E-3 0.983847082 2.86414009E-3
4.19499969 4.99987602E-3 0.98867768 2.88318796E-3
4.20499992 5.00011444E-3 0.982139111 2.88475887E-3
4.21500015 4.99987602E-3 0.983959854 2.89832731E-3
4.2249999 5.00011444E-3 0.98619777 2.91326572E-3
4.23499966 4.99987602E-3 0.986415207 2.92743067E-3
4.24499989 5.00011444E-3 0.983458102 2.93204049E-3
4.25500011 5.00011444E-3 0.988064587 2.95058591E-3
4.26500034 4.99987602E-3 0.984476984 2.95740739E-3
4.2750001 5.00011444E-3 0.980120063 2.96254503E-3
4.28499985 4.99987602E-3 0.990135908 2.98955408E-3
4.29500008 5.00011444E-3 0.988922179 3.00015998E-3
4.30500031 4.99987602E-3 0.986569345 3.0098157E-3
4.31500006 5.00011444E-3 0.988861918 3.02414806E-3
4.32499981 4.99987602E-3 0.988540769 3.03531089E-3
4.33500004 5.00011444E-3 0.986880839 3.04501457E-3
4.34500027 4.99987602E-3 0.985179305 3.05531197E-3
4.35500002 5.00011444E-3 0.984777749 3.06688691E-3
4.36499977 4.99987602E-3 0.988437235 3.08460277E-3
4.375 5.00011444E-3 0.98682344 3.09338211E-3
4.38500023 4.99987602E-3 0.985605121 3.10319569E-3
4.39499998 5.00011444E-3 0.992142081 3.12570459E-3
4.40499973 4.99987602E-3 0.988630176 3.1321221E-3
4.41499996 5.00011444E-3 0.981029749 3.13246669E-3
4.42500019 4.99987602E-3 0.984984815 3.15210246E-3
4.43499994 5.00011444E-3 0.985322714 3.16368695E-3
4.44499969 4.99987602E-3 0.98486203 3.17625795E-3
4.45499992 5.00011444E-3 0.982356131 3.1830545E-3
4.46500015 4.99987602E-3 0.986608326 3.20193241E-3
4.4749999 5.00011444E-3 0.976826012 3.19925998E-3
4.48499966 4.99987602E-3 0.980399013 3.21720238E-3
4.49499989 5.00011444E-3 0.987917066 3.24275671E-3
4.50500011 5.00011444E-3 0.981982172 3.24469199E-3
4.51500034 4.99987602E-3 0.98870194 3.26813641E-3
4.5250001 5.00011444E-3 0.982219577 3.27056041E-3
4.53499985 4.99987602E-3 0.981553972 3.28388088E-3
4.54500008 5.00011444E-3 0.977973163 3.28970165E-3
4.55500031 4.99987602E-3 0.984636128 3.31271789E-3
4.56500006 5.00011444E-3 0.978166819 3.31534748E-3
4.57499981 4.99987602E-3 0.976798832 3.3261152E-3
4.58500004 5.00011444E-3 0.981693089 3.34589113E-3
4.59500027 4.99987602E-3 0.985184669 3.36479512E-3
4.60500002 5.00011444E-3 0.975594521 3.36212642E-3
4.61499977 4.99987602E-3 0.986328006 3.39236879E-3
4.625 5.00011444E-3 0.978885353 3.39441211E-3
4.63500023 4.99987602E-3 0.976981282 3.40342824E-3
4.64499998 5.00011444E-3 0.983526409 3.42959678E-3
4.65499973 4.99987602E-3 0.9795959 3.4354995E-3
4.66499996 5.00011444E-3 0.975046873 3.44108022E-3
4.67500019 4.99987602E-3 0.984952271 3.4710411E-3
4.68499994 5.00011444E-3 0.98371172 3.48161603E-3
4.69499969 4.99987602E-3 0.978789151 3.48636182E-3
4.70499992 5.00011444E-3 0.977856696 3.49916075E-3
4.71500015 4.99987602E-3 0.976415992 3.51013313E-3
4.7249999 5.00011444E-3 0.987442911 3.54258344E-3
4.73499966 4.99987602E-3 0.979524434 3.54269729E-3
4.74499989 5.00011444E-3 0.980825007 3.55775794E-3
4.75500011 5.00011444E-3 0.973878801 3.55846109E-3
4.76500034 4.99987602E-3 0.983422697 3.59031558E-3
4.7750001 5.00011444E-3 0.975539982 3.59152094E-3
4.78499985 4.99987602E-3 0.980780125 3.61446803E-3
4.79500008 5.00011444E-3 0.982188761 3.63168563E-3
4.80500031 4.99987602E-3 0.98169291 3.64360888E-3
4.81500006 5.00011444E-3 0.974882364 3.64427455E-3
4.82499981 4.99987602E-3 0.981046319 3.67006706E-3
4.83500004 5.00011444E-3 0.979110062 3.68322572E-3
4.84500027 4.99987602E-3 0.973819554 3.68625135E-3
4.85500002 5.00011444E-3 0.987208009 3.72513081E-3
4.86499977 4.99987602E-3 0.978597939 3.72394687E-3
4.875 5.00011444E-3 0.978051662 3.73633439E-3
4.88500023 4.99987602E-3 0.98114872 3.75841255E-3
4.89499998 5.00011444E-3 0.973837137 3.75767029E-3
4.90499973 4.99987602E-3 0.978125751 3.78213823E-3
4.91499996 5.00011444E-3 0.977428973 3.79545195E-3
4.92500019 4.99987602E-3 0.98096621 3.81328538E-3
4.93499994 5.00011444E-3 0.976367474 3.82069312E-3
4.94499969 4.99987602E-3 0.981338918 3.84811987E-3
4.95499992 5.00011444E-3 0.97851342 3.85520537E-3
4.96500015 4.99987602E-3 0.9821468 3.87923187E-3
4.9749999 5.00011444E-3 0.977341831 3.88402306E-3
4.98499966 4.99987602E-3 0.979466438 3.90099222E-3
4.99499989 5.00011444E-3 0.976469219 3.91039904E-3
5.00500011 5.00011444E-3 0.981006622 3.93781252E-3
5.01500034 4.99987602E-3 0.971088886 3.93114146E-3
5.0250001 5.00011444E-3 0.970917881 3.94377392E-3
5.03499985 4.99987602E-3 0.976433098 3.97156971E-3
5.04500008 5.00011444E-3 0.982411385 3.99899669E-3
5.05500031 4.99987602E-3 0.973849058 3.99504509E-3
5.06500006 5.00011444E-3 0.975583613 4.01361473E-3
5.07499981 4.99987602E-3 0.97165823 4.0231254E-3
5.08500004 5.00011444E-3 0.97240752 4.04050155E-3
5.09500027 4.99987602E-3 0.972441673 4.0573217E-3
5.10500002 5.00011444E-3 0.988584936 4.10499331E-3
5.11499977 4.99987602E-3 0.970238507 4.08196449E-3
5.125 5.00011444E-3 0.977664113 4.11162712E-3
5.13500023 4.99987602E-3 0.976187408 4.12416924E-3
5.14499998 5.00011444E-3 0.974419653 4.13944433E-3
5.15499973 4.99987602E-3 0.974550366 4.15270543E-3
5.16499996 5.00011444E-3 0.974582314 4.17137938E-3
5.17500019 4.99987602E-3 0.971991956 4.18127934E-3
5.18499994 5.00011444E-3 0.976913989 4.21496015E-3
5.19499969 4.99987602E-3 0.976726651 4.22387896E-3
5.20499992 5.00011444E-3 0.978881657 4.24011098E-3
5.21500015 4.99987602E-3 0.979862154 4.25798772E-3
5.2249999 5.00011444E-3 0.976058424 4.26669698E-3
5.23499966 4.99987602E-3 0.973976433 4.28016623E-3
5.24499989 5.00011444E-3 0.974163353 4.29595774E-3
5.25500011 5.00011444E-3 0.97500807 4.31492412E-3
5.26500034 4.99987602E-3 0.980322421 4.34837071E-3
5.2750001 5.00011444E-3 0.972212136 4.34033712E-3
5.28499985 4.99987602E-3 0.986386359 4.38785041E-3
5.29500008 5.00011444E-3 0.981247365 4.39431053E-3
5.30500031 4.99987602E-3 0.968308389 4.38191229E-3
5.31500006 5.00011444E-3 0.97344178 4.41166805E-3
5.32499981 4.99987602E-3 0.974129498 4.42780135E-3
5.33500004 5.00011444E-3 0.969994187 4.43751179E-3
5.34500027 4.99987602E-3 0.970971704 4.45425371E-3
5.35500002 5.00011444E-3 0.971461535 4.47045593E-3
5.36499977 4.99987602E-3 0.973565221 4.49156528E-3
5.375 5.00011444E-3 0.972616732 4.50928044E-3
5.38500023 4.99987602E-3 0.963260412 4.50102007E-3
5.39499998 5.00011444E-3 0.962272108 4.51265974E-3
5.40499973 4.99987602E-3 0.969353199 4.54489235E-3
5.41499996 5.00011444E-3 0.967916131 4.56075277E-3
5.42500019 4.99987602E-3 0.971773863 4.5858901E-3
5.43499994 5.00011444E-3 0.973834097 4.61072428E-3
5.44499969 4.99987602E-3 0.974314213 4.62610368E-3
5.45499992 5.00011444E-3 0.972648799 4.6412833E-3
5.46500015 4.99987602E-3 0.960030019 4.62465314E-3
5.4749999 5.00011444E-3 0.971916318 4.66871867E-3
5.48499966 4.99987602E-3 0.974774837 4.69662715E-3
5.49499989 5.00011444E-3 0.972779751 4.70578996E-3
5.50500011 5.00011444E-3 0.974684298 4.7279154E-3
5.51500034 4.99987602E-3 0.964648604 4.72429208E-3
5.5250001 5.00011444E-3 0.966028512 4.74211667E-3
5.53499985 4.99987602E-3 0.970495343 4.77054296E-3
5.54500008 5.00011444E-3 0.973217368 4.79927426E-3
5.55500031 4.99987602E-3 0.975709438 4.82039992E-3
5.56500006 5.00011444E-3 0.979462862 4.84612398E-3
5.57499981 4.99987602E-3 0.967319369 4.83465381E-3
5.58500004 5.00011444E-3 0.967121065 4.85609239E-3
5.59500027 4.99987602E-3 0.974882245 4.88959393E-3
5.60500002 5.00011444E-3 0.974717915 4.90642758E-3
5.61499977 4.99987602E-3 0.964220703 4.90115955E-3
5.625 5.00011444E-3 0.974598885 4.9384064E-3
5.63500023 4.99987602E-3 0.961453736 4.92553553E-3
5.64499998 5.00011444E-3 0.958058774 4.94461972E-3
5.65499973 4.99987602E-3 0.96590811 4.97750239E-3
5.66499996 5.00011444E-3 0.968737245 5.00449492E-3
5.67500019 4.99987602E-3 0.965212643 5.01135504E-3
5.68499994 5.00011444E-3 0.9653036 5.02559775E-3
5.69499969 4.99987602E-3 0.961607456 5.03105298E-3
5.70499992 5.00011444E-3 0.97299999 5.0814962E-3
5.71500015 4.99987602E-3 0.965420723 5.08204568E-3
5.7249999 5.00011444E-3 0.967143118 5.10388613E-3
5.73499966 4.99987602E-3 0.969358921 5.12949005E-3
5.74499989 5.00011444E-3 0.968637705 5.14969416E-3
5.75500011 5.00011444E-3 0.95814234 5.13701793E-3
5.76500034 4.99987602E-3 0.974010885 5.19893877E-3
5.7750001 5.00011444E-3 0.963117838 5.19342255E-3
5.78499985 4.99987602E-3 0.966874659 5.21497382E-3
5.79500008 5.00011444E-3 0.953741968 5.20407595E-3
5.80500031 4.99987602E-3 0.969539344 5.26499934E-3
5.81500006 5.00011444E-3 0.966939092 5.27603645E-3
5.82499981 4.99987602E-3 0.965537608 5.29005332E-3
5.83500004 5.00011444E-3 0.955486298 5.28131053E-3
5.84500027 4.99987602E-3 0.961356223 5.31744212E-3
5.85500002 5.00011444E-3 0.966742575 5.35360957E-3
5.86499977 4.99987602E-3 0.971387506 5.38126845E-3
5.875 5.00011444E-3 0.968530595 5.39109856E-3
5.88500023 4.99987602E-3 0.959826827 5.3941831E-3
5.89499998 5.00011444E-3 0.957418203 5.40887238E-3
5.90499973 4.99987602E-3 0.953919888 5.4093576E-3
5.91499996 5.00011444E-3 0.96626544 5.46348887E-3
5.92500019 4.99987602E-3 0.957675517 5.4658507E-3
5.93499994 5.00011444E-3 0.961464405 5.49293729E-3
5.94499969 4.99987602E-3 0.961315989 5.51031902E-3
5.95499992 5.00011444E-3 0.957166493 5.51826227E-3
5.96500015 4.99987602E-3 0.954799891 5.5299066E-3
5.9749999 5.00011444E-3 0.965919673 5.58071956E-3
5.98499966 4.99987602E-3 0.957311869 5.57797775E-3
5.99499989 5.00011444E-3 0.948778391 5.5741705E-3
6.00500011 5.00011444E-3 0.963475347 5.63563081E-3
6.01500034 4.99987602E-3 0.954627514 5.62859094E-3
6.0250001 5.00011444E-3 0.961561143 5.6710043E-3
6.03499985 4.99987602E-3 0.961030126 5.69655281E-3
6.04500008 5.00011444E-3 0.957556307 5.70370629E-3
6.05500031 4.99987602E-3 0.9541713 5.71476622E-3
6.06500006 5.00011444E-3 0.953837395 5.7405699E-3
6.07499981 4.99987602E-3 0.956608713 5.76240942E-3
6.08500004 5.00011444E-3 0.963963628 5.80945844E-3
6.09500027 4.99987602E-3 0.953724504 5.79947745E-3
6.10500002 5.00011444E-3 0.966789961 5.85031649E-3
6.11499977 4.99987602E-3 0.960401773 5.85108716E-3
6.125 5.00011444E-3 0.95539993 5.85805951E-3
6.13500023 4.99987602E-3 0.953043103 5.87778119E-3
6.14499998 5.00011444E-3 0.957251549 5.90537535E-3
6.15499973 4.99987602E-3 0.950024724 5.90162911E-3
6.16499996 5.00011444E-3 0.971685827 5.98992966E-3
6.17500019 4.99987602E-3 0.958518088 5.97413443E-3
6.18499994 5.00011444E-3 0.949877381 5.97317843E-3
6.19499969 4.99987602E-3 0.948572457 5.98486885E-3
6.20499992 5.00011444E-3 0.950479448 6.00655796E-3
6.21500015 4.99987602E-3 0.959357619 6.0535376E-3
6.2249999 5.00011444E-3 0.958799362 6.07239641E-3
6.23499966 4.99987602E-3 0.952992857 6.07177382E-3
6.24499989 5.00011444E-3 0.948256314 6.08197087E-3
6.25500011 5.00011444E-3 0.948895991 6.12029247E-3
6.26500034 4.99987602E-3 0.947757423 6.13682857E-3
6.2750001 5.00011444E-3 0.942028761 6.14495249E-3
6.28499985 4.99987602E-3 0.959814548 6.21572696E-3
6.29500008 5.00011444E-3 0.948762536 6.20569801E-3
6.30500031 4.99987602E-3 0.959460735 6.25792379E-3
6.31500006 5.00011444E-3 0.954217196 6.26923004E-3
6.32499981 4.99987602E-3 0.945679963 6.25857525E-3
6.33500004 5.00011444E-3 0.943984568 6.27176557E-3
6.34500027 4.99987602E-3 0.956869781 6.33386569E-3
6.35500002 5.00011444E-3 0.949762225 6.33102935E-3
6.36499977 4.99987602E-3 0.940665066 6.32226467E-3
6.375 5.00011444E-3 0.93548882 6.3298624E-3
6.38500023 4.99987602E-3 0.946709096 6.39165379E-3
6.39499998 5.00011444E-3 0.943795323 6.40628068E-3
6.40499973 4.99987602E-3 0.936977088 6.41771033E-3
6.41499996 5.00011444E-3 0.95037061 6.47884514E-3
6.42500019 4.99987602E-3 0.944928169 6.47909148E-3
6.43499994 5.00011444E-3 0.946105182 6.5017459E-3
6.44499969 4.99987602E-3 0.941441655 6.51348149E-3
6.45499992 5.00011444E-3 0.953998446 6.60183141E-3
6.46500015 4.99987602E-3 0.943619609 6.56505674E-3
6.4749999 5.00011444E-3 0.947253644 6.59925351E-3
6.48499966 4.99987602E-3 0.959471583 6.68524578E-3
6.49499989 5.00011444E-3 0.948460162 6.65493216E-3
6.50500011 5.00011444E-3 0.941618383 6.64644456E-3
6.51500034 4.99987602E-3 0.937253773 6.65437058E-3
6.5250001 5.00011444E-3 0.939291656 6.6845119E-3
6.53499985 4.99987602E-3 0.94610846 6.73305057E-3
6.54500008 5.00011444E-3 0.942773104 6.74599409E-3
6.55500031 4.99987602E-3 0.933398068 6.73677074E-3
6.56500006 5.00011444E-3 0.94020009 6.78751757E-3
6.57499981 4.99987602E-3 0.933116794 6.79084426E-3
6.58500004 5.00011444E-3 0.939907908 6.84471568E-3
6.59500027 4.99987602E-3 0.948356926 6.88592624E-3
6.60500002 5.00011444E-3 0.93942523 6.87163975E-3
6.61499977 4.99987602E-3 0.937056303 6.8955915E-3
6.625 5.00011444E-3 0.953767657 6.99653523E-3
6.63500023 4.99987602E-3 0.941964447 6.95920642E-3
6.64499998 5.00011444E-3 0.945584714 6.98978221E-3
6.65499973 4.99987602E-3 0.945469975 7.01150857E-3
6.66499996 5.00011444E-3 0.941994011 7.02731637E-3
6.67500019 4.99987602E-3 0.954235315 7.1031875E-3
6.68499994 5.00011444E-3 0.92687571 7.0299278E-3
6.69499969 4.99987602E-3 0.942530394 7.12183164E-3
6.70499992 5.00011444E-3 0.943642676 7.14232353E-3
6.71500015 4.99987602E-3 0.937061489 7.14069605E-3
6.7249999 5.00011444E-3 0.934463263 7.15652574E-3
6.73499966 4.99987602E-3 0.934673965 7.17785442E-3
6.74499989 5.00011444E-3 0.945029497 7.23722484E-3
6.75500011 5.00011444E-3 0.942712188 7.26349233E-3
6.76500034 4.99987602E-3 0.928771257 7.25945737E-3
6.7750001 5.00011444E-3 0.934503615 7.2950162E-3
6.78499985 4.99987602E-3 0.940077722 7.3339399E-3
6.79500008 5.00011444E-3 0.924436748 7.29071721E-3
6.80500031 4.99987602E-3 0.933074832 7.35063339E-3
6.81500006 5.00011444E-3 0.92832607 7.37249013E-3
6.82499981 4.99987602E-3 0.939429879 7.42701394E-3
6.83500004 5.00011444E-3 0.917043984 7.36315269E-3
6.84500027 4.99987602E-3 0.943993926 7.5048646E-3
6.85500002 5.00011444E-3 0.930335879 7.49908574E-3
6.86499977 4.99987602E-3 0.933883548 7.51671521E-3
6.875 5.00011444E-3 0.932126403 7.53157912E-3
6.88500023 4.99987602E-3 0.930602551 7.57361343E-3
6.89499998 5.00011444E-3 0.941013396 7.62515701E-3
6.90499973 4.99987602E-3 0.936025262 7.61651574E-3
6.91499996 5.00011444E-3 0.94334358 7.67873973E-3
6.92500019 4.99987602E-3 0.934894323 7.69800227E-3
6.93499994 5.00011444E-3 0.931221068 7.70063326E-3
6.94499969 4.99987602E-3 0.922759831 7.6705371E-3
6.95499992 5.00011444E-3 0.916975439 7.67736556E-3
6.96500015 4.99987602E-3 0.940189123 7.80317327E-3
6.9749999 5.00011444E-3 0.933839917 7.7969241E-3
6.98499966 4.99987602E-3 0.923632681 7.77833071E-3
6.99499989 5.00011444E-3 0.930428743 7.83645269E-3
7.00500011 5.00011444E-3 0.927392781 7.85710942E-3
7.01500034 4.99987602E-3 0.921392977 7.86035135E-3
7.0250001 5.00011444E-3 0.921478331 7.88486376E-3
7.03499985 4.99987602E-3 0.921453059 7.91517459E-3
7.04500008 5.00011444E-3 0.931389987 7.98612554E-3
7.05500031 4.99987602E-3 0.933243513 8.02057981E-3
7.06500006 5.00011444E-3 0.929759741 8.03498458E-3
7.07499981 4.99987602E-3 0.941719472 8.11014604E-3
7.08500004 5.00011444E-3 0.921878457 8.04728735E-3
7.09500027 4.99987602E-3 0.917219102 8.06062855E-3
7.10500002 5.00011444E-3 0.932125151 8.18155892E-3
7.11499977 4.99987602E-3 0.914058149 8.11715983E-3
7.125 5.00011444E-3 0.919191897 8.1698494E-3
7.13500023 4.99987602E-3 0.92027694 8.2265567E-3
7.14499998 5.00011444E-3 0.923068881 8.24576616E-3
7.15499973 4.99987602E-3 0.919667304 8.25019926E-3
7.16499996 5.00011444E-3 0.920520246 8.2855951E-3
7.17500019 4.99987602E-3 0.927998424 8.37180391E-3
7.18499994 5.00011444E-3 0.919254541 8.34522676E-3
7.19499969 4.99987602E-3 0.911960304 8.33684206E-3
7.20499992 5.00011444E-3 0.922770023 8.41707457E-3
7.21500015 4.99987602E-3 0.919163704 8.44243169E-3
7.2249999 5.00011444E-3 0.921637535 8.5274484E-3
7.23499966 4.99987602E-3 0.924165845 8.5170893E-3
7.24499989 5.00011444E-3 0.924025059 8.52858648E-3
7.25500011 5.00011444E-3 0.923201144 8.55232216E-3
7.26500034 4.99987602E-3 0.9247666 8.5881995E-3
7.2750001 5.00011444E-3 0.912547886 8.57651047E-3
7.28499985 4.99987602E-3 0.913664103 8.64613801E-3
7.29500008 5.00011444E-3 0.909608483 8.62620771E-3
7.30500031 4.99987602E-3 0.912147999 8.65399465E-3
7.31500006 5.00011444E-3 0.91220367 8.69626272E-3
7.32499981 4.99987602E-3 0.908482313 8.74389522E-3
7.33500004 5.00011444E-3 0.925512016 8.82195774E-3
7.34500027 4.99987602E-3 0.907488346 8.76513589E-3
7.35500002 5.00011444E-3 0.926979721 8.92851222E-3
7.36499977 4.99987602E-3 0.904183805 8.82303901E-3
7.375 5.00011444E-3 0.910298944 8.87804013E-3
7.38500023 4.99987602E-3 0.912000418 8.91070068E-3
7.39499998 5.00011444E-3 0.922365069 8.97500012E-3
7.40499973 4.99987602E-3 0.910538018 8.95546842E-3
7.41499996 5.00011444E-3 0.911518395 9.01777111E-3
7.42500019 4.99987602E-3 0.906577766 9.05193575E-3
7.43499994 5.00011444E-3 0.916288018 9.10557993E-3
7.44499969 4.99987602E-3 0.898869872 9.0287067E-3
7.45499992 5.00011444E-3 0.911824763 9.11054295E-3
7.46500015 4.99987602E-3 0.903209209 9.11048241E-3
7.4749999 5.00011444E-3 0.912873626 9.20009334E-3
7.48499966 4.99987602E-3 0.93178463 9.33825411E-3
7.49499989 5.00011444E-3 0.906111181 9.28655174E-3
7.50500011 5.00011444E-3 0.906455457 9.26908851E-3
7.51500034 4.99987602E-3 0.915410757 9.32155736E-3
7.5250001 5.00011444E-3 0.908891439 9.32558253E-3
7.53499985 4.99987602E-3 0.911494136 9.39355511E-3
7.54500008 5.00011444E-3 0.908858657 9.4356956E-3
7.55500031 4.99987602E-3 0.914147437 9.48657189E-3
7.56500006 5.00011444E-3 0.922189057 9.54387151E-3
7.57499981 4.99987602E-3 0.903313458 9.47304629E-3
7.58500004 5.00011444E-3 0.885837197 9.42654349E-3
7.59500027 4.99987602E-3 0.898155034 9.52854007E-3
7.60500002 5.00011444E-3 0.896974027 9.54613276E-3
7.61499977 4.99987602E-3 0.905462503 9.61578358E-3
7.625 5.00011444E-3 0.894631982 9.59756691E-3
7.63500023 4.99987602E-3 0.88239193 9.57818329E-3
7.64499998 5.00011444E-3 0.89990145 9.70951747E-3
7.65499973 4.99987602E-3 0.889523804 9.68700368E-3
7.66499996 5.00011444E-3 0.908180892 9.82686598E-3
7.67500019 4.99987602E-3 0.879538715 9.7348569E-3
7.68499994 5.00011444E-3 0.899966955 9.80704278E-3
7.69499969 4.99987602E-3 0.887022734 9.75178555E-3
7.70499992 5.00011444E-3 0.900645792 9.87195969E-3
7.71500015 4.99987602E-3 0.89785403 9.89138428E-3
7.7249999 5.00011444E-3 0.900576293 9.94803943E-3
7.73499966 4.99987602E-3 0.893240869 9.95552354E-3
7.74499989 5.00011444E-3 0.89921999 1.00177824E-2
7.75500011 5.00011444E-3 0.906373203 1.00861834E-2
7.76500034 4.99987602E-3 0.920523226 1.02027031E-2
7.7750001 5.00011444E-3 0.891390264 1.01011824E-2
7.78499985 4.99987602E-3 0.900313437 1.02209616E-2
7.79500008 5.00011444E-3 0.911175907 1.02995234E-2
7.80500031 4.99987602E-3 0.878459513 1.01538654E-2
7.81500006 5.00011444E-3 0.884453773 1.02655282E-2
7.82499981 4.99987602E-3 0.884612322 1.02402158E-2
7.83500004 5.00011444E-3 0.896542966 1.03087779E-2
7.84500027 4.99987602E-3 0.88869369 1.02984421E-2
7.85500002 5.00011444E-3 0.870897114 1.02659911E-2
7.86499977 4.99987602E-3 0.894019961 1.04559362E-2
7.875 5.00011444E-3 0.893982947 1.04821529E-2
7.88500023 4.99987602E-3 0.880525351 1.04223052E-2
7.89499998 5.00011444E-3 0.894278467 1.05277551E-2
7.90499973 4.99987602E-3 0.880392551 1.04773687E-2
7.91499996 5.00011444E-3 0.895756066 1.05928648E-2
7.92500019 4.99987602E-3 0.907989562 1.07144192E-2
7.93499994 5.00011444E-3 0.886167169 1.06521025E-2
7.94499969 4.99987602E-3 0.885892987 1.069979E-2
7.95499992 5.00011444E-3 0.911876976 1.08828181E-2
7.96500015 4.99987602E-3 0.877093196 1.07050641E-2
7.9749999 5.00011444E-3 0.892754495 1.08406469E-2
7.98499966 4.99987602E-3 0.891201079 1.08651323E-2
