READ SERR 1 2
@crab_ratio_SA70_d51.pco
!
0.254999995 4.99999523E-3 1.53955722 7.3992E-3
0.264999986 5.00001013E-3 1.4829464 6.62451377E-3
0.275000006 4.99999523E-3 1.41396081 5.95165463E-3
0.284999996 4.99999523E-3 1.35958767 5.38363401E-3
0.295000017 5.00001013E-3 1.30786002 4.87334607E-3
0.305000007 4.99999523E-3 1.25664604 4.40182118E-3
0.314999998 4.99999523E-3 1.19681144 3.93746421E-3
0.324999988 5.00001013E-3 1.16009402 3.52797587E-3
0.335000008 4.99999523E-3 1.1267401 3.1536303E-3
0.344999999 4.99999523E-3 1.09006178 2.80768704E-3
0.355000019 5.00001013E-3 1.06173563 2.50422279E-3
0.36500001 4.99999523E-3 1.04649019 2.24691746E-3
0.375 4.99999523E-3 1.02704692 2.01350334E-3
0.38499999 4.99999523E-3 1.01852918 1.81751931E-3
0.394999981 5.00001013E-3 1.00596976 1.64136034E-3
0.405000001 4.99999523E-3 1.00494599 1.49539625E-3
0.414999992 4.99999523E-3 1.00092268 1.36593368E-3
0.425000012 5.00001013E-3 0.997715533 1.25410478E-3
0.435000002 4.99999523E-3 0.997643054 1.15982676E-3
0.444999993 4.99999523E-3 0.997427404 1.07956852E-3
0.454999983 5.00001013E-3 0.999136031 1.01327E-3
0.465000004 4.99999523E-3 1.00168562 9.5922983E-4
0.474999994 4.99999523E-3 1.00393748 9.15910583E-4
0.485000014 5.00001013E-3 1.00438094 8.82059103E-4
0.495000005 4.99999523E-3 1.0033052 8.57137376E-4
0.504999995 4.99999523E-3 1.00240862 8.41179106E-4
0.514999986 4.99999523E-3 0.998532355 8.31745216E-4
0.524999976 4.99999523E-3 0.994031847 8.28214921E-4
0.534999967 5.00002503E-3 0.986227512 8.27208569E-4
0.545000017 4.99999523E-3 0.975379884 8.25895462E-4
0.555000007 4.99999523E-3 0.966954589 8.23621871E-4
0.564999998 4.99999523E-3 0.961840034 8.18207569E-4
0.574999988 4.99999523E-3 0.955029428 8.06281809E-4
0.584999979 4.99999523E-3 0.956204414 7.92159874E-4
0.595000029 5.00002503E-3 0.958998263 7.74619577E-4
0.605000019 4.99999523E-3 0.964695334 7.55952729E-4
0.61500001 4.99999523E-3 0.973277807 7.37864873E-4
0.625 4.99999523E-3 0.980267704 7.19764619E-4
0.63499999 4.99999523E-3 0.989101946 7.03813566E-4
0.644999981 4.99999523E-3 0.997291267 6.8945816E-4
0.654999971 5.00002503E-3 1.00496423 6.76909985E-4
0.665000021 4.99999523E-3 1.01460338 6.67032495E-4
0.675000012 4.99999523E-3 1.02259135 6.58376026E-4
0.685000002 4.99999523E-3 1.02685022 6.50079339E-4
0.694999993 4.99999523E-3 1.03144181 6.43078994E-4
0.704999983 4.99999523E-3 1.03476369 6.36458746E-4
0.715000033 5.00002503E-3 1.03453851 6.29145885E-4
0.725000024 4.99999523E-3 1.03507912 6.22154155E-4
0.735000014 4.99999523E-3 1.03451896 6.14766032E-4
0.745000005 4.99999523E-3 1.03362584 6.07253925E-4
0.754999995 4.99999523E-3 1.03262913 5.99769875E-4
0.764999986 4.99999523E-3 1.03018749 5.9211941E-4
0.774999976 4.99999523E-3 1.02831221 5.85050264E-4
0.784999967 5.00002503E-3 1.02551544 5.78336243E-4
0.795000017 4.99999523E-3 1.02425528 5.72755351E-4
0.805000007 4.99999523E-3 1.02229488 5.67778538E-4
0.814999998 4.99999523E-3 1.01987994 5.63529378E-4
0.824999988 4.99999523E-3 1.01540279 5.5957248E-4
0.834999979 4.99999523E-3 1.01074064 5.56429673E-4
0.845000029 5.00002503E-3 1.00581264 5.53955964E-4
0.855000019 4.99999523E-3 1.00104761 5.52156416E-4
0.86500001 4.99999523E-3 0.996591389 5.50889119E-4
0.875 4.99999523E-3 0.99093914 5.49494871E-4
0.88499999 4.99999523E-3 0.98837781 5.4897723E-4
0.894999981 4.99999523E-3 0.985683262 5.48250624E-4
0.904999971 5.00002503E-3 0.984191179 5.47606382E-4
0.915000021 4.99999523E-3 0.983124077 5.4678024E-4
0.925000012 4.99999523E-3 0.982834458 5.45919407E-4
0.935000002 4.99999523E-3 0.9833709 5.45080169E-4
0.944999993 4.99999523E-3 0.983177781 5.43959963E-4
0.954999983 4.99999523E-3 0.986178637 5.43702452E-4
0.965000033 5.00002503E-3 0.98725456 5.429468E-4
0.975000024 4.99999523E-3 0.987709701 5.42121241E-4
0.985000014 4.99999523E-3 0.989074588 5.41661226E-4
0.995000005 4.99999523E-3 0.98963815 5.41102316E-4
1.005 4.99999523E-3 0.989895523 5.40602428E-4
1.01499999 4.99999523E-3 0.992218912 5.40787412E-4
1.02499998 4.99999523E-3 0.991188049 5.40185021E-4
1.03499997 4.99999523E-3 0.993088901 5.40504931E-4
1.04499996 4.99999523E-3 0.991649389 5.40023495E-4
1.05499995 4.99999523E-3 0.990875065 5.39840141E-4
1.06500006 5.00005484E-3 0.99128437 5.40090608E-4
1.07500005 4.99999523E-3 0.99134165 5.40338806E-4
1.08500004 4.99999523E-3 0.991245151 5.40648412E-4
1.09500003 4.99999523E-3 0.990188718 5.40801033E-4
1.10500002 4.99999523E-3 0.991256297 5.4162991E-4
1.11500001 4.99999523E-3 0.991048336 5.42211055E-4
1.125 4.99999523E-3 0.991424143 5.43045695E-4
1.13499999 4.99999523E-3 0.990329325 5.43558912E-4
1.14499998 4.99999523E-3 0.991366267 5.44752984E-4
1.15499997 4.99999523E-3 0.992023885 5.45937917E-4
1.16499996 4.99999523E-3 0.991760731 5.4695562E-4
1.17499995 4.99999523E-3 0.99170661 5.48110751E-4
1.18499994 5.00005484E-3 0.992051363 5.4946763E-4
1.19500005 4.99999523E-3 0.992401481 5.50895697E-4
1.20500004 4.99999523E-3 0.992893279 5.52447047E-4
1.21500003 4.99999523E-3 0.99311161 5.54015511E-4
1.22500002 4.99999523E-3 0.99340874 5.55677398E-4
1.23500001 4.99999523E-3 0.994418979 5.57621068E-4
1.245 4.99999523E-3 0.993934155 5.59253793E-4
1.255 4.99999523E-3 0.994564652 5.61298279E-4
1.26499999 4.99999523E-3 0.993494749 5.62973961E-4
1.27499998 4.99999523E-3 0.994174063 5.6524761E-4
1.28499997 4.99999523E-3 0.993754148 5.67324692E-4
1.29499996 4.99999523E-3 0.992489934 5.69252763E-4
1.30499995 4.99999523E-3 0.990818858 5.71134093E-4
1.31500006 5.00005484E-3 0.991289318 5.73675788E-4
1.32500005 4.99999523E-3 0.990577221 5.75904676E-4
1.33500004 4.99999523E-3 0.991186202 5.78508596E-4
1.34500003 4.99999523E-3 0.991354465 5.80949825E-4
1.35500002 4.99999523E-3 0.992525458 5.8364647E-4
1.36500001 4.99999523E-3 0.991921663 5.85790083E-4
1.375 4.99999523E-3 0.992619932 5.88273222E-4
1.38499999 4.99999523E-3 0.99202162 5.90341398E-4
1.39499998 4.99999523E-3 0.993299246 5.92962548E-4
1.40499997 4.99999523E-3 0.994322777 5.95497317E-4
1.41499996 4.99999523E-3 0.993044913 5.97360195E-4
1.42499995 4.99999523E-3 0.992923141 5.99571853E-4
1.43499994 5.00005484E-3 0.993316829 6.01977867E-4
1.44500005 4.99999523E-3 0.995414257 6.04940287E-4
1.45500004 4.99999523E-3 0.995121777 6.07217429E-4
1.46500003 4.99999523E-3 0.996104777 6.09975541E-4
1.47500002 4.99999523E-3 0.993995607 6.11893192E-4
1.48500001 4.99999523E-3 0.996472538 6.15394441E-4
1.495 4.99999523E-3 0.995777428 6.18103833E-4
1.505 4.99999523E-3 0.996360004 6.21471205E-4
1.51499999 4.99999523E-3 0.995992124 6.24837354E-4
1.52499998 4.99999523E-3 0.99540019 6.2843581E-4
1.53499997 4.99999523E-3 0.994104028 6.32073148E-4
1.54499996 4.99999523E-3 0.994340837 6.36451587E-4
1.55499995 4.99999523E-3 0.992809653 6.40412269E-4
1.56500006 5.00005484E-3 0.992062867 6.44666143E-4
1.57500005 4.99999523E-3 0.992058873 6.49055175E-4
1.58500004 4.99999523E-3 0.991719782 6.53161784E-4
1.59500003 4.99999523E-3 0.991412759 6.57002151E-4
1.60500002 4.99999523E-3 0.992276251 6.60921796E-4
1.61500001 4.99999523E-3 0.99496609 6.65142958E-4
1.625 4.99999523E-3 0.997041345 6.68892753E-4
1.63499999 4.99999523E-3 0.998311579 6.72159891E-4
1.64499998 4.99999523E-3 0.998954475 6.75052346E-4
1.65499997 4.99999523E-3 1.00250435 6.78829558E-4
1.66499996 4.99999523E-3 1.00452912 6.81963575E-4
1.67499995 4.99999523E-3 1.00685239 6.85037579E-4
1.68499994 5.00005484E-3 1.00893795 6.87811698E-4
1.69500005 4.99999523E-3 1.00882137 6.89462991E-4
1.70500004 4.99999523E-3 1.00961244 6.90980174E-4
1.71500003 4.99999523E-3 1.00711358 6.90926099E-4
1.72500002 4.99999523E-3 1.00487888 6.90594781E-4
1.73500001 4.99999523E-3 1.0006808 6.89391105E-4
1.745 4.99999523E-3 0.99637413 6.88275206E-4
1.755 4.99999523E-3 0.993501365 6.88110245E-4
1.76499999 4.99999523E-3 0.987780154 6.87748892E-4
1.77499998 4.99999523E-3 0.987384319 6.90343382E-4
1.78499997 4.99999523E-3 0.988599241 6.94815244E-4
1.79499996 4.99999523E-3 0.986758709 6.99666154E-4
1.80499995 4.99999523E-3 0.988656759 7.07343279E-4
1.81500006 5.00005484E-3 0.989872932 7.16174487E-4
1.82500005 4.99999523E-3 0.990759969 7.26136437E-4
1.83500004 4.99999523E-3 0.99160111 7.3696865E-4
1.84500003 4.99999523E-3 0.995829761 7.49589759E-4
1.85500002 4.99999523E-3 0.995516777 7.60537339E-4
1.86500001 4.99999523E-3 0.996016681 7.71350751E-4
1.875 4.99999523E-3 0.995871723 7.81080278E-4
1.88499999 4.99999523E-3 0.996556997 7.90006598E-4
1.89499998 4.99999523E-3 0.997419119 7.97899324E-4
1.90499997 4.99999523E-3 0.998023689 8.04524985E-4
1.91499996 4.99999523E-3 0.998982608 8.10417696E-4
1.92499995 4.99999523E-3 0.999406338 8.15413543E-4
1.93499994 5.00005484E-3 1.0004077 8.20193323E-4
1.94500005 4.99999523E-3 1.00162411 8.24819959E-4
1.95500004 4.99999523E-3 1.00297534 8.29389261E-4
1.96500003 4.99999523E-3 1.00310302 8.33419675E-4
1.97500002 4.99999523E-3 1.00404537 8.3791092E-4
1.98500001 4.99999523E-3 1.00496459 8.42484238E-4
1.995 4.99999523E-3 1.00672305 8.4755139E-4
2.00500011 4.99999523E-3 1.00698102 8.52066791E-4
2.01499987 4.99999523E-3 1.00629783 8.5637992E-4
2.0250001 4.99999523E-3 1.00793791 8.61799053E-4
2.03499985 4.99999523E-3 1.00948393 8.67335068E-4
2.04500008 4.99999523E-3 1.01002109 8.72595701E-4
2.05499983 4.99999523E-3 1.00940394 8.77491082E-4
2.06500006 4.99999523E-3 1.00947464 8.82853696E-4
2.07499981 4.99999523E-3 1.01124883 8.89222778E-4
2.08500004 4.99999523E-3 1.01185405 8.95338133E-4
2.09499979 4.99999523E-3 1.01069617 9.01011168E-4
2.10500002 4.99999523E-3 1.01282907 9.08589689E-4
2.11499977 4.99999523E-3 1.01341867 9.16078745E-4
2.125 5.00011444E-3 1.01350784 9.24025138E-4
2.13500023 4.99999523E-3 1.01620471 9.3412993E-4
2.14499998 4.99999523E-3 1.01548421 9.43824998E-4
2.15500021 4.99999523E-3 1.02025294 9.57483833E-4
2.16499996 4.99999523E-3 1.01703215 9.69136483E-4
2.17500019 4.99999523E-3 1.02008665 9.85841383E-4
2.18499994 4.99999523E-3 1.01994193 1.00329367E-3
2.19500017 4.99999523E-3 1.02030444 1.02344586E-3
2.20499992 4.99999523E-3 1.02142453 1.04659237E-3
2.21500015 4.99999523E-3 1.02413273 1.07305497E-3
2.2249999 4.99999523E-3 1.02449965 1.10057567E-3
2.23500013 4.99999523E-3 1.02454436 1.12968555E-3
2.24499989 4.99999523E-3 1.02780712 1.16178114E-3
2.25500011 4.99999523E-3 1.02999043 1.19351328E-3
2.26499987 4.99999523E-3 1.03260911 1.22503028E-3
2.2750001 4.99999523E-3 1.03630054 1.25572772E-3
2.28499985 4.99999523E-3 1.04129577 1.28498988E-3
2.29500008 4.99999523E-3 1.04608226 1.31123723E-3
2.30499983 4.99999523E-3 1.0475378 1.33221899E-3
2.31500006 4.99999523E-3 1.05236399 1.35187572E-3
2.32499981 4.99999523E-3 1.05227959 1.36485952E-3
2.33500004 4.99999523E-3 1.0517149 1.37432187E-3
2.34499979 4.99999523E-3 1.05522346 1.38336071E-3
2.35500002 4.99999523E-3 1.04957116 1.38398702E-3
2.36499977 4.99999523E-3 1.0479002 1.38511742E-3
2.375 5.00011444E-3 1.04823887 1.38591719E-3
2.38500023 4.99999523E-3 1.04436541 1.38287293E-3
2.39499998 4.99999523E-3 1.04580927 1.38266955E-3
2.40500021 4.99999523E-3 1.04350543 1.37979875E-3
2.41499996 4.99999523E-3 1.0412178 1.37690629E-3
2.42500019 4.99999523E-3 1.03943694 1.374749E-3
2.43499994 4.99999523E-3 1.03930283 1.37406017E-3
2.44500017 4.99999523E-3 1.0358336 1.37154863E-3
2.45499992 4.99999523E-3 1.03576195 1.37181999E-3
2.46500015 4.99999523E-3 1.03447783 1.37195177E-3
2.4749999 4.99999523E-3 1.03457224 1.37328811E-3
2.48500013 4.99999523E-3 1.03314686 1.37418322E-3
2.49499989 4.99999523E-3 1.03350425 1.37648219E-3
2.50500011 4.99999523E-3 1.0283401 1.3753539E-3
2.51499987 4.99999523E-3 1.03320611 1.38130144E-3
2.5250001 4.99999523E-3 1.02969062 1.38188398E-3
2.53499985 4.99999523E-3 1.02914774 1.3845769E-3
2.54500008 4.99999523E-3 1.02926886 1.38816668E-3
2.55499983 4.99999523E-3 1.02902949 1.39158149E-3
2.56500006 4.99999523E-3 1.03112102 1.39690167E-3
2.57499981 4.99999523E-3 1.02818167 1.399067E-3
2.58500004 4.99999523E-3 1.03028822 1.40502024E-3
2.59499979 4.99999523E-3 1.03117025 1.41051156E-3
2.60500002 4.99999523E-3 1.03277612 1.41674851E-3
2.61499977 4.99999523E-3 1.03419149 1.42322457E-3
2.625 5.00011444E-3 1.03371167 1.42878725E-3
2.63500023 4.99999523E-3 1.03428602 1.43556169E-3
2.64499998 4.99999523E-3 1.03439188 1.44235021E-3
2.65500021 4.99999523E-3 1.03855503 1.45247707E-3
2.66499996 4.99999523E-3 1.03969979 1.46093906E-3
2.67500019 4.99999523E-3 1.04017806 1.46905216E-3
2.68499994 4.99999523E-3 1.04164243 1.47853198E-3
2.69500017 4.99999523E-3 1.03965461 1.48564752E-3
2.70499992 4.99999523E-3 1.04070413 1.49510114E-3
2.71500015 4.99999523E-3 1.03586209 1.50024088E-3
2.7249999 4.99999523E-3 1.03600836 1.50887924E-3
2.73500013 4.99999523E-3 1.03713977 1.51777093E-3
2.74499989 4.99999523E-3 1.03333819 1.52269518E-3
2.75500011 4.99999523E-3 1.02998769 1.52719498E-3
2.76499987 4.99999523E-3 1.03217161 1.53529644E-3
2.7750001 4.99999523E-3 1.02707529 1.53700635E-3
2.78499985 4.99999523E-3 1.02949524 1.54380361E-3
2.79500008 4.99999523E-3 1.02976906 1.54861726E-3
2.80499983 4.99999523E-3 1.02638924 1.54994335E-3
2.81500006 4.99999523E-3 1.02930129 1.55567494E-3
2.82499981 4.99999523E-3 1.02438831 1.55540835E-3
2.83500004 4.99999523E-3 1.02824724 1.56147208E-3
2.84499979 4.99999523E-3 1.0258981 1.56289898E-3
2.85500002 4.99999523E-3 1.02793908 1.56786304E-3
2.86499977 4.99999523E-3 1.02809346 1.5711853E-3
2.875 5.00011444E-3 1.02936864 1.5756028E-3
2.88500023 4.99999523E-3 1.02673936 1.57724344E-3
2.89499998 4.99999523E-3 1.02649653 1.58083299E-3
2.90500021 4.99999523E-3 1.0256604 1.58414932E-3
2.91499996 4.99999523E-3 1.02504492 1.58768811E-3
2.92500019 4.99999523E-3 1.02529788 1.59200421E-3
2.93499994 4.99999523E-3 1.02310622 1.59457908E-3
2.94500017 4.99999523E-3 1.02495778 1.60047167E-3
2.95499992 4.99999523E-3 1.02654755 1.60628918E-3
2.96500015 4.99999523E-3 1.02347696 1.60847185E-3
2.9749999 4.99999523E-3 1.01963079 1.61012134E-3
2.98500013 4.99999523E-3 1.02356553 1.61829276E-3
2.99499989 4.99999523E-3 1.02385497 1.62335788E-3
3.00500011 4.99999523E-3 1.02221429 1.62742171E-3
3.01499987 4.99999523E-3 1.02054334 1.63134676E-3
3.0250001 4.99999523E-3 1.01926386 1.63581956E-3
3.03499985 4.99999523E-3 1.01960897 1.64161902E-3
3.04500008 4.99999523E-3 1.01980436 1.64761185E-3
3.05499983 4.99999523E-3 1.02007699 1.65372901E-3
3.06500006 4.99999523E-3 1.01725018 1.65753451E-3
3.07499981 4.99999523E-3 1.01616395 1.66311744E-3
3.08500004 4.99999523E-3 1.01787281 1.67091459E-3
3.09499979 4.99999523E-3 1.01746356 1.67715864E-3
3.10500002 4.99999523E-3 1.01561832 1.68264029E-3
3.11499977 4.99999523E-3 1.01586199 1.68984139E-3
3.125 5.00011444E-3 1.01428485 1.69567938E-3
3.13500023 4.99999523E-3 1.0121665 1.70091796E-3
3.14499998 4.99999523E-3 1.01446021 1.71028066E-3
3.15500021 4.99999523E-3 1.01093757 1.71441166E-3
3.16499996 4.99999523E-3 1.01109588 1.72183174E-3
3.17500019 4.99999523E-3 1.01307857 1.73071423E-3
3.18499994 4.99999523E-3 1.01189017 1.73685595E-3
3.19500017 4.99999523E-3 1.01057112 1.74255075E-3
3.20499992 4.99999523E-3 1.01038504 1.74915581E-3
3.21500015 4.99999523E-3 1.01605427 1.76038453E-3
3.2249999 4.99999523E-3 1.01209557 1.76333054E-3
3.23500013 4.99999523E-3 1.01289034 1.77025434E-3
3.24499989 4.99999523E-3 1.01125276 1.77486206E-3
3.25500011 4.99999523E-3 1.01439774 1.78337202E-3
3.26499987 4.99999523E-3 1.01766598 1.79218221E-3
3.2750001 4.99999523E-3 1.01173234 1.79295999E-3
3.28499985 4.99999523E-3 1.01300883 1.79978309E-3
3.29500008 4.99999523E-3 1.01097298 1.80390675E-3
3.30499983 4.99999523E-3 1.01243019 1.81136571E-3
3.31500006 4.99999523E-3 1.00990558 1.81528996E-3
3.32499981 4.99999523E-3 1.00973487 1.82124448E-3
3.33500004 4.99999523E-3 1.01262808 1.83014071E-3
3.34499979 4.99999523E-3 1.00593066 1.83069601E-3
3.35500002 4.99999523E-3 1.01330018 1.84417632E-3
3.36499977 4.99999523E-3 1.00691068 1.84529636E-3
3.375 5.00011444E-3 1.01206255 1.85704581E-3
3.38500023 4.99999523E-3 1.00721252 1.85946154E-3
3.39499998 4.99999523E-3 1.00458539 1.86433864E-3
3.40500021 4.99999523E-3 1.00820827 1.87484466E-3
3.41499996 4.99999523E-3 1.00389099 1.87793665E-3
3.42500019 4.99999523E-3 1.00788939 1.88894989E-3
3.43499994 4.99999523E-3 1.00141525 1.8899733E-3
3.44500017 4.99999523E-3 1.00287104 1.89844437E-3
3.45499992 4.99999523E-3 1.00409579 1.90654374E-3
3.46500015 4.99999523E-3 1.0030278 1.91213284E-3
3.4749999 4.99999523E-3 0.998129487 1.91423437E-3
3.48500013 4.99999523E-3 1.00029254 1.92260754E-3
3.49499989 4.99999523E-3 1.00278282 1.93172228E-3
3.50500011 4.99999523E-3 0.993799746 1.9291623E-3
3.51499987 4.99999523E-3 1.00066602 1.94219546E-3
3.5250001 4.99999523E-3 1.00045466 1.94824336E-3
3.53499985 4.99999523E-3 0.999985158 1.95384352E-3
3.54500008 4.99999523E-3 1.0000484 1.96025101E-3
3.55499983 4.99999523E-3 0.998877048 1.96557608E-3
3.56500006 4.99999523E-3 0.999680459 1.97278126E-3
3.57499981 4.99999523E-3 1.0007689 1.98055664E-3
3.58500004 4.99999523E-3 0.999406099 1.98592572E-3
3.59499979 4.99999523E-3 0.999037683 1.99217303E-3
3.60500002 4.99999523E-3 1.00009632 2.00031791E-3
3.61499977 4.99999523E-3 1.00024998 2.00748793E-3
3.625 5.00011444E-3 1.00001073 2.01425725E-3
3.63500023 4.99999523E-3 0.99841845 2.01995089E-3
3.64499998 4.99999523E-3 0.999371588 2.02812557E-3
3.65500021 4.99999523E-3 0.996963263 2.03314424E-3
3.66499996 4.99999523E-3 0.997466743 2.04112125E-3
3.67500019 4.99999523E-3 1.00133181 2.05234322E-3
3.68499994 4.99999523E-3 1.00142634 2.0600264E-3
3.69500017 4.99999523E-3 0.99788779 2.06403038E-3
3.70499992 4.99999523E-3 0.997839391 2.07167165E-3
3.71500015 4.99999523E-3 0.999608159 2.08115671E-3
3.7249999 4.99999523E-3 0.998874426 2.08822009E-3
3.73500013 4.99999523E-3 0.99752295 2.094344E-3
3.74499989 4.99999523E-3 0.995756388 2.10035802E-3
3.75500011 4.99999523E-3 1.00289047 2.11586733E-3
3.76499987 4.99999523E-3 0.995993137 2.11621448E-3
3.7750001 4.99999523E-3 0.998621702 2.12686625E-3
3.78499985 4.99999523E-3 1.002473 2.13887123E-3
3.79500008 4.99999523E-3 0.996453702 2.14043772E-3
3.80499983 4.99999523E-3 0.995181262 2.14711996E-3
3.81500006 4.99999523E-3 0.997266471 2.15733168E-3
3.82499981 4.99999523E-3 0.995135367 2.16335454E-3
3.83500004 4.99999523E-3 0.996605992 2.17278022E-3
3.84499979 4.99999523E-3 0.999107361 2.18356145E-3
3.85500002 4.99999523E-3 0.998252451 2.19088234E-3
3.86499977 4.99999523E-3 0.995864391 2.19657947E-3
3.875 5.00011444E-3 0.99587357 2.20454391E-3
3.88500023 4.99999523E-3 0.996318161 2.2134718E-3
3.89499998 4.99999523E-3 0.993354857 2.21826183E-3
3.90500021 4.99999523E-3 0.993070126 2.22646096E-3
3.91499996 4.99999523E-3 0.995317519 2.23732344E-3
3.92500019 4.99999523E-3 0.996010959 2.24698684E-3
3.93499994 4.99999523E-3 0.993629098 2.25282018E-3
3.94500017 4.99999523E-3 0.994919956 2.26246635E-3
3.95499992 4.99999523E-3 0.99459672 2.27106549E-3
3.96500015 4.99999523E-3 0.998904169 2.28428398E-3
3.9749999 4.99999523E-3 0.996989429 2.29107356E-3
3.98500013 4.99999523E-3 0.995453596 2.29811296E-3
3.99499989 4.99999523E-3 0.990110278 2.30032462E-3
4.00500011 5.00011444E-3 0.992985189 2.3124346E-3
4.01500034 4.99987602E-3 0.991815746 2.32007261E-3
4.0250001 5.00011444E-3 0.998458862 2.33676238E-3
4.03499985 4.99987602E-3 0.9941746 2.34080083E-3
4.04500008 5.00011444E-3 0.990868986 2.34598387E-3
4.05500031 4.99987602E-3 0.992072463 2.3562517E-3
4.06500006 5.00011444E-3 0.991583943 2.36426946E-3
4.07499981 4.99987602E-3 0.992946684 2.37513427E-3
4.08500004 5.00011444E-3 0.993314445 2.38450267E-3
4.09500027 4.99987602E-3 0.997220159 2.39843596E-3
4.10500002 5.00011444E-3 0.993331671 2.40284973E-3
4.11499977 4.99987602E-3 0.993699789 2.41274247E-3
4.125 5.00011444E-3 0.988917708 2.41611246E-3
4.13500023 4.99987602E-3 0.988238394 2.4242755E-3
4.14499998 5.00011444E-3 0.989863157 2.43526883E-3
4.15499973 4.99987602E-3 0.991594374 2.44720676E-3
4.16499996 5.00011444E-3 0.989107847 2.45347572E-3
4.17500019 4.99987602E-3 0.989440978 2.46306183E-3
4.18499994 5.00011444E-3 0.9831388 2.46477616E-3
4.19499969 4.99987602E-3 0.987048745 2.47941795E-3
4.20499992 5.00011444E-3 0.98345387 2.48473114E-3
4.21500015 4.99987602E-3 0.98425132 2.4952651E-3
4.2249999 5.00011444E-3 0.984621644 2.5055625E-3
4.23499966 4.99987602E-3 0.984639108 2.51625804E-3
4.24499989 5.00011444E-3 0.982506573 2.52279546E-3
4.25500011 5.00011444E-3 0.987042904 2.53859395E-3
4.26500034 4.99987602E-3 0.986764371 2.54893233E-3
4.2750001 5.00011444E-3 0.984614968 2.5561268E-3
4.28499985 4.99987602E-3 0.992018223 2.57605803E-3
4.29500008 5.00011444E-3 0.988477886 2.58194795E-3
4.30500031 4.99987602E-3 0.98660326 2.59017083E-3
4.31500006 5.00011444E-3 0.989391029 2.6036934E-3
4.32499981 4.99987602E-3 0.987421691 2.61158892E-3
4.33500004 5.00011444E-3 0.986321449 2.62037478E-3
4.34500027 4.99987602E-3 0.984200299 2.62801303E-3
4.35500002 5.00011444E-3 0.983912587 2.63822614E-3
4.36499977 4.99987602E-3 0.988617837 2.65471451E-3
4.375 5.00011444E-3 0.985974014 2.66135647E-3
4.38500023 4.99987602E-3 0.985802233 2.67132977E-3
4.39499998 5.00011444E-3 0.99009639 2.68758694E-3
4.40499973 4.99987602E-3 0.987725377 2.6946892E-3
4.41499996 5.00011444E-3 0.984128594 2.70037283E-3
4.42500019 4.99987602E-3 0.984032989 2.71118362E-3
4.43499994 5.00011444E-3 0.983950615 2.72100908E-3
4.44499969 4.99987602E-3 0.981805146 2.72879424E-3
4.45499992 5.00011444E-3 0.985361218 2.74378411E-3
4.46500015 4.99987602E-3 0.98368001 2.75211688E-3
4.4749999 5.00011444E-3 0.979754865 2.75759096E-3
4.48499966 4.99987602E-3 0.980751216 2.76961597E-3
4.49499989 5.00011444E-3 0.988389194 2.791184E-3
4.50500011 5.00011444E-3 0.982255936 2.79339892E-3
4.51500034 4.99987602E-3 0.985898077 2.80921953E-3
4.5250001 5.00011444E-3 0.98036176 2.8121043E-3
4.53499985 4.99987602E-3 0.983347356 2.82762316E-3
4.54500008 5.00011444E-3 0.979796708 2.83343671E-3
4.55500031 4.99987602E-3 0.981774509 2.8467162E-3
4.56500006 5.00011444E-3 0.979592979 2.8549151E-3
4.57499981 4.99987602E-3 0.977567911 2.86330399E-3
4.58500004 5.00011444E-3 0.982283711 2.88047735E-3
4.59500027 4.99987602E-3 0.983765006 2.8939757E-3
4.60500002 5.00011444E-3 0.975946248 2.89353845E-3
4.61499977 4.99987602E-3 0.983099103 2.91508227E-3
4.625 5.00011444E-3 0.979472697 2.92158918E-3
4.63500023 4.99987602E-3 0.979094028 2.93177785E-3
4.64499998 5.00011444E-3 0.983829916 2.95140757E-3
4.65499973 4.99987602E-3 0.980979502 2.95825279E-3
4.66499996 5.00011444E-3 0.97701329 2.96347402E-3
4.67500019 4.99987602E-3 0.984774411 2.98641878E-3
4.68499994 5.00011444E-3 0.980247974 2.99085164E-3
4.69499969 4.99987602E-3 0.979966938 3.00218421E-3
4.70499992 5.00011444E-3 0.979088545 3.01235844E-3
4.71500015 4.99987602E-3 0.97402674 3.0161764E-3
4.7249999 5.00011444E-3 0.9855088 3.04537849E-3
4.73499966 4.99987602E-3 0.979272783 3.04798665E-3
4.74499989 5.00011444E-3 0.979530752 3.05971503E-3
4.75500011 5.00011444E-3 0.974512756 3.06366826E-3
4.76500034 4.99987602E-3 0.98088181 3.08575924E-3
4.7750001 5.00011444E-3 0.973165035 3.08572757E-3
4.78499985 4.99987602E-3 0.98258239 3.11219087E-3
4.79500008 5.00011444E-3 0.980403781 3.1213169E-3
4.80500031 4.99987602E-3 0.980800629 3.13409884E-3
4.81500006 5.00011444E-3 0.976271093 3.1383012E-3
4.82499981 4.99987602E-3 0.981503725 3.1586627E-3
4.83500004 5.00011444E-3 0.980213344 3.16964649E-3
4.84500027 4.99987602E-3 0.975497842 3.17399739E-3
4.85500002 5.00011444E-3 0.984504402 3.20125953E-3
4.86499977 4.99987602E-3 0.978586972 3.20346025E-3
4.875 5.00011444E-3 0.978492498 3.21524567E-3
4.88500023 4.99987602E-3 0.980241776 3.23151983E-3
4.89499998 5.00011444E-3 0.976514101 3.23694758E-3
4.90499973 4.99987602E-3 0.977650821 3.25197238E-3
4.91499996 5.00011444E-3 0.978311002 3.26581905E-3
4.92500019 4.99987602E-3 0.981259704 3.28200636E-3
4.93499994 5.00011444E-3 0.975792289 3.28621152E-3
4.94499969 4.99987602E-3 0.98203516 3.31018097E-3
4.95499992 5.00011444E-3 0.983112276 3.32373218E-3
4.96500015 4.99987602E-3 0.981456399 3.3347276E-3
4.9749999 5.00011444E-3 0.975266874 3.33685824E-3
4.98499966 4.99987602E-3 0.977681637 3.35308211E-3
4.99499989 5.00011444E-3 0.975817978 3.36271082E-3
5.00500011 5.00011444E-3 0.979539037 3.38341948E-3
5.01500034 4.99987602E-3 0.973089278 3.38456314E-3
5.0250001 5.00011444E-3 0.971230447 3.3938142E-3
5.03499985 4.99987602E-3 0.978817284 3.4206633E-3
5.04500008 5.00011444E-3 0.981914997 3.43943085E-3
5.05500031 4.99987602E-3 0.975072622 3.43968044E-3
5.06500006 5.00011444E-3 0.975666761 3.45372036E-3
5.07499981 4.99987602E-3 0.974573851 3.46552604E-3
5.08500004 5.00011444E-3 0.973373413 3.47671914E-3
5.09500027 4.99987602E-3 0.975044906 3.49295395E-3
5.10500002 5.00011444E-3 0.987512827 3.52855097E-3
5.11499977 4.99987602E-3 0.973857105 3.51765775E-3
5.125 5.00011444E-3 0.975819707 3.53444763E-3
5.13500023 4.99987602E-3 0.975274265 3.54632852E-3
5.14499998 5.00011444E-3 0.976596117 3.5627305E-3
5.15499973 4.99987602E-3 0.972467422 3.56832542E-3
5.16499996 5.00011444E-3 0.974576414 3.58695909E-3
5.17500019 4.99987602E-3 0.972039163 3.59428534E-3
5.18499994 5.00011444E-3 0.980025709 3.62544414E-3
5.19499969 4.99987602E-3 0.976019681 3.6299082E-3
5.20499992 5.00011444E-3 0.977899671 3.64639144E-3
5.21500015 4.99987602E-3 0.981891751 3.66813201E-3
5.2249999 5.00011444E-3 0.973389328 3.66565492E-3
5.23499966 4.99987602E-3 0.976905346 3.6869396E-3
5.24499989 5.00011444E-3 0.971871138 3.69112776E-3
5.25500011 5.00011444E-3 0.975879073 3.71298892E-3
5.26500034 4.99987602E-3 0.980675161 3.73681914E-3
5.2750001 5.00011444E-3 0.971963644 3.7327758E-3
5.28499985 4.99987602E-3 0.985617161 3.7735519E-3
5.29500008 5.00011444E-3 0.979736626 3.77590046E-3
5.30500031 4.99987602E-3 0.972043693 3.77487554E-3
5.31500006 5.00011444E-3 0.974456966 3.7943637E-3
5.32499981 4.99987602E-3 0.972383976 3.80396121E-3
5.33500004 5.00011444E-3 0.970600367 3.81481834E-3
5.34500027 4.99987602E-3 0.972691119 3.83327994E-3
5.35500002 5.00011444E-3 0.974365592 3.84960417E-3
5.36499977 4.99987602E-3 0.97274369 3.86020006E-3
5.375 5.00011444E-3 0.971746087 3.87344346E-3
5.38500023 4.99987602E-3 0.968581617 3.88038531E-3
5.39499998 5.00011444E-3 0.965735734 3.88811459E-3
5.40499973 4.99987602E-3 0.967192233 3.90489772E-3
5.41499996 5.00011444E-3 0.968265593 3.92284989E-3
5.42500019 4.99987602E-3 0.970765948 3.94091941E-3
5.43499994 5.00011444E-3 0.974698663 3.96462716E-3
5.44499969 4.99987602E-3 0.970616043 3.96881951E-3
5.45499992 5.00011444E-3 0.976421595 3.99675872E-3
5.46500015 4.99987602E-3 0.963684022 3.98370344E-3
5.4749999 5.00011444E-3 0.973542392 4.01874818E-3
5.48499966 4.99987602E-3 0.974008441 4.03512921E-3
5.49499989 5.00011444E-3 0.971823096 4.04525362E-3
5.50500011 5.00011444E-3 0.974767208 4.06608265E-3
5.51500034 4.99987602E-3 0.967312276 4.06596903E-3
5.5250001 5.00011444E-3 0.967746794 4.08128276E-3
5.53499985 4.99987602E-3 0.970340908 4.10175417E-3
5.54500008 5.00011444E-3 0.970334172 4.11848724E-3
5.55500031 4.99987602E-3 0.974906087 4.14200174E-3
5.56500006 5.00011444E-3 0.971483946 4.14992077E-3
5.57499981 4.99987602E-3 0.964977741 4.15101787E-3
5.58500004 5.00011444E-3 0.966099918 4.16983711E-3
5.59500027 4.99987602E-3 0.971871972 4.19699773E-3
5.60500002 5.00011444E-3 0.970746398 4.20995755E-3
5.61499977 4.99987602E-3 0.965752661 4.21454012E-3
5.625 5.00011444E-3 0.973155618 4.24447469E-3
5.63500023 4.99987602E-3 0.966362774 4.24559321E-3
5.64499998 5.00011444E-3 0.961163521 4.25220001E-3
5.65499973 4.99987602E-3 0.965013564 4.27433755E-3
5.66499996 5.00011444E-3 0.965256333 4.29122616E-3
5.67500019 4.99987602E-3 0.959545434 4.29486064E-3
5.68499994 5.00011444E-3 0.964501798 4.32079611E-3
5.69499969 4.99987602E-3 0.964906633 4.33564838E-3
5.70499992 5.00011444E-3 0.969181538 4.36252914E-3
5.71500015 4.99987602E-3 0.969908118 4.38032765E-3
5.7249999 5.00011444E-3 0.967571974 4.38999338E-3
5.73499966 4.99987602E-3 0.967769325 4.40749992E-3
5.74499989 5.00011444E-3 0.968553126 4.42581344E-3
5.75500011 5.00011444E-3 0.963325143 4.42853943E-3
5.76500034 4.99987602E-3 0.970883965 4.46247263E-3
5.7750001 5.00011444E-3 0.964891016 4.46678139E-3
5.78499985 4.99987602E-3 0.965111673 4.48119361E-3
5.79500008 5.00011444E-3 0.952747643 4.46990225E-3
5.80500031 4.99987602E-3 0.969973326 4.52579884E-3
5.81500006 5.00011444E-3 0.9639678 4.52780165E-3
5.82499981 4.99987602E-3 0.962404549 4.53946833E-3
5.83500004 5.00011444E-3 0.960025609 4.55079693E-3
5.84500027 4.99987602E-3 0.962178648 4.57296567E-3
5.85500002 5.00011444E-3 0.966008127 4.59813792E-3
5.86499977 4.99987602E-3 0.968003869 4.6187602E-3
5.875 5.00011444E-3 0.96804136 4.63436544E-3
5.88500023 4.99987602E-3 0.959488034 4.63261642E-3
5.89499998 5.00011444E-3 0.959355295 4.6490673E-3
5.90499973 4.99987602E-3 0.95263499 4.64694621E-3
5.91499996 5.00011444E-3 0.968513548 4.70163161E-3
5.92500019 4.99987602E-3 0.956765473 4.69179498E-3
5.93499994 5.00011444E-3 0.962603927 4.72171046E-3
5.94499969 4.99987602E-3 0.964628041 4.74413671E-3
5.95499992 5.00011444E-3 0.961420834 4.75264154E-3
5.96500015 4.99987602E-3 0.955062985 4.75362455E-3
5.9749999 5.00011444E-3 0.966246724 4.79852455E-3
5.98499966 4.99987602E-3 0.959540188 4.80170501E-3
5.99499989 5.00011444E-3 0.94779104 4.78824833E-3
6.00500011 5.00011444E-3 0.957576931 4.82856389E-3
6.01500034 4.99987602E-3 0.951990366 4.83176159E-3
6.0250001 5.00011444E-3 0.955913603 4.85997647E-3
6.03499985 4.99987602E-3 0.962980151 4.8975395E-3
6.04500008 5.00011444E-3 0.961268961 4.90812771E-3
6.05500031 4.99987602E-3 0.959486544 4.92107868E-3
6.06500006 5.00011444E-3 0.958336949 4.93795611E-3
6.07499981 4.99987602E-3 0.953504086 4.94122878E-3
6.08500004 5.00011444E-3 0.958828688 4.97473776E-3
6.09500027 4.99987602E-3 0.953859448 4.97914897E-3
6.10500002 5.00011444E-3 0.963912785 5.02080098E-3
6.11499977 4.99987602E-3 0.961485445 5.03441272E-3
6.125 5.00011444E-3 0.957012653 5.036972E-3
6.13500023 4.99987602E-3 0.95624572 5.05382987E-3
6.14499998 5.00011444E-3 0.954143226 5.06493822E-3
6.15499973 4.99987602E-3 0.948223293 5.06753288E-3
6.16499996 5.00011444E-3 0.965010285 5.12963999E-3
6.17500019 4.99987602E-3 0.955956995 5.124819E-3
6.18499994 5.00011444E-3 0.945729315 5.11691952E-3
6.19499969 4.99987602E-3 0.949986398 5.14497561E-3
6.20499992 5.00011444E-3 0.946709692 5.15301898E-3
6.21500015 4.99987602E-3 0.957022667 5.19841071E-3
6.2249999 5.00011444E-3 0.958514094 5.22043277E-3
6.23499966 4.99987602E-3 0.954524517 5.22631593E-3
6.24499989 5.00011444E-3 0.95064044 5.23569575E-3
6.25500011 5.00011444E-3 0.952608049 5.26453368E-3
6.26500034 4.99987602E-3 0.949096203 5.27260033E-3
6.2750001 5.00011444E-3 0.946384728 5.2840896E-3
6.28499985 4.99987602E-3 0.955409169 5.32743754E-3
6.29500008 5.00011444E-3 0.94478184 5.3178044E-3
6.30500031 4.99987602E-3 0.956184804 5.36491955E-3
6.31500006 5.00011444E-3 0.955042005 5.38211176E-3
6.32499981 4.99987602E-3 0.946234226 5.37577271E-3
6.33500004 5.00011444E-3 0.945875704 5.39230136E-3
6.34500027 4.99987602E-3 0.953385949 5.43264486E-3
6.35500002 5.00011444E-3 0.952244818 5.44990832E-3
6.36499977 4.99987602E-3 0.939524293 5.43080643E-3
6.375 5.00011444E-3 0.936310351 5.44144725E-3
6.38500023 4.99987602E-3 0.947465539 5.49427373E-3
6.39499998 5.00011444E-3 0.94465661 5.50355343E-3
6.40499973 4.99987602E-3 0.942026913 5.519005E-3
6.41499996 5.00011444E-3 0.950356901 5.55888284E-3
6.42500019 4.99987602E-3 0.944310129 5.56260115E-3
6.43499994 5.00011444E-3 0.939175308 5.56599721E-3
6.44499969 4.99987602E-3 0.945520759 5.60505129E-3
6.45499992 5.00011444E-3 0.951108873 5.64940087E-3
6.46500015 4.99987602E-3 0.945977867 5.64395683E-3
6.4749999 5.00011444E-3 0.945032597 5.66005055E-3
6.48499966 4.99987602E-3 0.956381023 5.71919419E-3
6.49499989 5.00011444E-3 0.945868909 5.70308045E-3
6.50500011 5.00011444E-3 0.944634616 5.71761141E-3
6.51500034 4.99987602E-3 0.935988724 5.71360812E-3
6.5250001 5.00011444E-3 0.940028846 5.74535783E-3
6.53499985 4.99987602E-3 0.950037479 5.79864345E-3
6.54500008 5.00011444E-3 0.944773734 5.80062205E-3
6.55500031 4.99987602E-3 0.934057653 5.78851299E-3
6.56500006 5.00011444E-3 0.941267073 5.8300551E-3
6.57499981 4.99987602E-3 0.934374094 5.83001412E-3
6.58500004 5.00011444E-3 0.937928796 5.86431799E-3
6.59500027 4.99987602E-3 0.948385119 5.9138881E-3
6.60500002 5.00011444E-3 0.942800164 5.91609674E-3
6.61499977 4.99987602E-3 0.934488952 5.91162406E-3
6.625 5.00011444E-3 0.951820672 5.98915014E-3
6.63500023 4.99987602E-3 0.944979727 5.98352728E-3
6.64499998 5.00011444E-3 0.944964349 6.00692863E-3
6.65499973 4.99987602E-3 0.943266213 6.01841835E-3
6.66499996 5.00011444E-3 0.939226747 6.02818932E-3
6.67500019 4.99987602E-3 0.953569829 6.09926693E-3
6.68499994 5.00011444E-3 0.933182538 6.05506543E-3
6.69499969 4.99987602E-3 0.949117601 6.12819754E-3
6.70499992 5.00011444E-3 0.940069079 6.11651083E-3
6.71500015 4.99987602E-3 0.941022515 6.14093337E-3
6.7249999 5.00011444E-3 0.930818498 6.13078848E-3
6.73499966 4.99987602E-3 0.93814218 6.17750315E-3
6.74499989 5.00011444E-3 0.942044079 6.20707683E-3
6.75500011 5.00011444E-3 0.944916487 6.23951061E-3
6.76500034 4.99987602E-3 0.928818107 6.21337257E-3
6.7750001 5.00011444E-3 0.933152258 6.2473393E-3
6.78499985 4.99987602E-3 0.9346928 6.2756273E-3
6.79500008 5.00011444E-3 0.923530221 6.2592458E-3
6.80500031 4.99987602E-3 0.93351382 6.31105993E-3
6.81500006 5.00011444E-3 0.927755296 6.31570118E-3
6.82499981 4.99987602E-3 0.940672576 6.38064137E-3
6.83500004 5.00011444E-3 0.925254107 6.34786254E-3
6.84500027 4.99987602E-3 0.942869246 6.43099053E-3
6.85500002 5.00011444E-3 0.92536968 6.401069E-3
6.86499977 4.99987602E-3 0.938713014 6.4645391E-3
6.875 5.00011444E-3 0.927833378 6.44599088E-3
6.88500023 4.99987602E-3 0.93224436 6.48952089E-3
6.89499998 5.00011444E-3 0.942314088 6.54374575E-3
6.90499973 4.99987602E-3 0.926433682 6.50475128E-3
6.91499996 5.00011444E-3 0.940284789 6.57743542E-3
6.92500019 4.99987602E-3 0.936610878 6.59623789E-3
6.93499994 5.00011444E-3 0.933708906 6.60564564E-3
6.94499969 4.99987602E-3 0.927243948 6.59972522E-3
6.95499992 5.00011444E-3 0.918879688 6.59544999E-3
6.96500015 4.99987602E-3 0.939503789 6.69179857E-3
6.9749999 5.00011444E-3 0.93211472 6.68634381E-3
6.98499966 4.99987602E-3 0.931081057 6.70589041E-3
6.99499989 5.00011444E-3 0.924688518 6.70657866E-3
7.00500011 5.00011444E-3 0.921132743 6.71891775E-3
7.01500034 4.99987602E-3 0.922205746 6.74441596E-3
7.0250001 5.00011444E-3 0.926670909 6.7829839E-3
7.03499985 4.99987602E-3 0.92940402 6.81896508E-3
7.04500008 5.00011444E-3 0.928584218 6.84808381E-3
7.05500031 4.99987602E-3 0.928717732 6.86705438E-3
7.06500006 5.00011444E-3 0.932919085 6.90863002E-3
7.07499981 4.99987602E-3 0.937379658 6.94248406E-3
7.08500004 5.00011444E-3 0.92044723 6.90370426E-3
7.09500027 4.99987602E-3 0.918320656 6.9200783E-3
7.10500002 5.00011444E-3 0.9357692 7.01784017E-3
7.11499977 4.99987602E-3 0.917242289 6.97017135E-3
7.125 5.00011444E-3 0.921618402 7.01367343E-3
7.13500023 4.99987602E-3 0.91749835 7.02508539E-3
7.14499998 5.00011444E-3 0.915270627 7.03589991E-3
7.15499973 4.99987602E-3 0.922072828 7.08423601E-3
7.16499996 5.00011444E-3 0.925913453 7.12420419E-3
7.17500019 4.99987602E-3 0.926543593 7.16238935E-3
7.18499994 5.00011444E-3 0.911405921 7.12161325E-3
7.19499969 4.99987602E-3 0.915940642 7.16031296E-3
7.20499992 5.00011444E-3 0.921099842 7.2072288E-3
7.21500015 4.99987602E-3 0.921412706 7.2384188E-3
7.2249999 5.00011444E-3 0.932127297 7.31869088E-3
7.23499966 4.99987602E-3 0.924732745 7.29776826E-3
7.24499989 5.00011444E-3 0.923698366 7.31523521E-3
7.25500011 5.00011444E-3 0.922605991 7.33606284E-3
7.26500034 4.99987602E-3 0.918069959 7.34094996E-3
7.2750001 5.00011444E-3 0.909637749 7.33703654E-3
7.28499985 4.99987602E-3 0.915310979 7.3926379E-3
7.29500008 5.00011444E-3 0.922152042 7.44158635E-3
7.30500031 4.99987602E-3 0.909550548 7.41358195E-3
7.31500006 5.00011444E-3 0.912906408 7.45313289E-3
7.32499981 4.99987602E-3 0.91159302 7.48522161E-3
7.33500004 5.00011444E-3 0.918868959 7.53821852E-3
7.34500027 4.99987602E-3 0.917325079 7.5499299E-3
7.35500002 5.00011444E-3 0.919339597 7.59231858E-3
7.36499977 4.99987602E-3 0.908499002 7.5673284E-3
7.375 5.00011444E-3 0.912880838 7.61178276E-3
7.38500023 4.99987602E-3 0.906235039 7.61822052E-3
7.39499998 5.00011444E-3 0.923906028 7.70943426E-3
7.40499973 4.99987602E-3 0.910533667 7.68079935E-3
7.41499996 5.00011444E-3 0.916042209 7.73452828E-3
7.42500019 4.99987602E-3 0.908500433 7.73645006E-3
7.43499994 5.00011444E-3 0.913908482 7.78184831E-3
7.44499969 4.99987602E-3 0.903811216 7.76160555E-3
7.45499992 5.00011444E-3 0.914277852 7.82421324E-3
7.46500015 4.99987602E-3 0.905174315 7.81824253E-3
7.4749999 5.00011444E-3 0.909025192 7.86177348E-3
7.48499966 4.99987602E-3 0.930062771 7.98485707E-3
7.49499989 5.00011444E-3 0.90658623 7.93104712E-3
7.50500011 5.00011444E-3 0.908670962 7.94335734E-3
7.51500034 4.99987602E-3 0.918890238 8.0100242E-3
7.5250001 5.00011444E-3 0.905506611 7.98130035E-3
7.53499985 4.99987602E-3 0.917053163 8.06426536E-3
7.54500008 5.00011444E-3 0.916696489 8.09058547E-3
7.55500031 4.99987602E-3 0.912056923 8.10293201E-3
7.56500006 5.00011444E-3 0.922042072 8.1667304E-3
7.57499981 4.99987602E-3 0.907102048 8.12695548E-3
7.58500004 5.00011444E-3 0.892463744 8.09656363E-3
7.59500027 4.99987602E-3 0.90313822 8.17258097E-3
7.60500002 5.00011444E-3 0.899474025 8.18606373E-3
7.61499977 4.99987602E-3 0.899255455 8.20504967E-3
7.625 5.00011444E-3 0.89360559 8.20636749E-3
7.63500023 4.99987602E-3 0.883933306 8.19690432E-3
7.64499998 5.00011444E-3 0.902805328 8.31881538E-3
7.65499973 4.99987602E-3 0.894617975 8.29937123E-3
7.66499996 5.00011444E-3 0.913158178 8.41461215E-3
7.67500019 4.99987602E-3 0.892331541 8.36098101E-3
7.68499994 5.00011444E-3 0.89527905 8.37976113E-3
7.69499969 4.99987602E-3 0.892400265 8.38731695E-3
7.70499992 5.00011444E-3 0.901630223 8.46797694E-3
7.71500015 4.99987602E-3 0.905096948 8.515344E-3
7.7249999 5.00011444E-3 0.887522042 8.46258458E-3
7.73499966 4.99987602E-3 0.891303658 8.51850118E-3
7.74499989 5.00011444E-3 0.905299187 8.60677939E-3
7.75500011 5.00011444E-3 0.906933665 8.64458084E-3
7.76500034 4.99987602E-3 0.913853347 8.70574359E-3
7.7750001 5.00011444E-3 0.900964975 8.68097506E-3
7.78499985 4.99987602E-3 0.895163894 8.70208815E-3
7.79500008 5.00011444E-3 0.907584608 8.77568405E-3
7.80500031 4.99987602E-3 0.885630369 8.69990885E-3
7.81500006 5.00011444E-3 0.893808603 8.78056046E-3
7.82499981 4.99987602E-3 0.889473379 8.77653621E-3
7.83500004 5.00011444E-3 0.90270704 8.86270124E-3
7.84500027 4.99987602E-3 0.885940313 8.81092902E-3
7.85500002 5.00011444E-3 0.873291671 8.79331492E-3
7.86499977 4.99987602E-3 0.904815376 8.98223836E-3
7.875 5.00011444E-3 0.890447676 8.94026831E-3
7.88500023 4.99987602E-3 0.881402373 8.91685113E-3
7.89499998 5.00011444E-3 0.893953264 9.00752377E-3
7.90499973 4.99987602E-3 0.878759444 8.95969663E-3
7.91499996 5.00011444E-3 0.897758365 9.08295903E-3
7.92500019 4.99987602E-3 0.910117269 9.19140037E-3
7.93499994 5.00011444E-3 0.894872844 9.14904661E-3
7.94499969 4.99987602E-3 0.893389106 9.17123631E-3
7.95499992 5.00011444E-3 0.903004527 9.25676897E-3
7.96500015 4.99987602E-3 0.879259229 9.16338526E-3
7.9749999 5.00011444E-3 0.891206443 9.26122908E-3
7.98499966 4.99987602E-3 0.890985787 9.28517897E-3
