0.365	5.00E-03	0.796981037	1.67E-03
0.375	5.00E-03	0.796346068	1.52E-03
0.385	5.00E-03	0.799517393	1.39E-03
0.395	5.00E-03	0.806897223	1.28E-03
0.405	5.00E-03	0.815152764	1.17E-03
0.415	5.00E-03	0.829101324	1.09E-03
0.425	5.00E-03	0.843690276	1.01E-03
0.435	5.00E-03	0.856639504	9.45E-04
0.445	5.00E-03	0.8754825	8.90E-04
0.455	5.00E-03	0.892036378	8.43E-04
0.465	5.00E-03	0.91301477	8.07E-04
0.475	5.00E-03	0.934812725	7.79E-04
0.485	5.00E-03	0.954907179	7.58E-04
0.495	5.00E-03	0.977027059	7.46E-04
0.505	5.00E-03	0.99874562	7.40E-04
0.515	5.00E-03	1.01540256	7.40E-04
0.525	5.00E-03	1.02916658	7.44E-04
0.535	5.00E-03	1.03396273	7.49E-04
0.545	5.00E-03	1.02347946	7.48E-04
0.555	5.00E-03	1.00930274	7.45E-04
0.565	5.00E-03	0.989827931	7.35E-04
0.575	5.00E-03	0.968306601	7.19E-04
0.585	5.00E-03	0.949846148	6.98E-04
0.595	5.00E-03	0.940301657	6.78E-04
0.605	5.00E-03	0.935721338	6.57E-04
0.615	5.00E-03	0.938221395	6.39E-04
0.625	5.00E-03	0.94335866	6.22E-04
0.635	5.00E-03	0.952676654	6.08E-04
0.645	5.00E-03	0.962789476	5.96E-04
0.655	5.00E-03	0.972417951	5.85E-04
0.665	5.00E-03	0.983603656	5.77E-04
0.675	5.00E-03	0.993848264	5.69E-04
0.685	5.00E-03	1.00020123	5.62E-04
0.695	5.00E-03	1.00758529	5.57E-04
0.705	5.00E-03	1.01034725	5.50E-04
0.715	5.00E-03	1.01068008	5.44E-04
0.725	5.00E-03	1.01174247	5.38E-04
0.735	5.00E-03	1.00878	5.30E-04
0.745	5.00E-03	1.00744534	5.23E-04
0.755	5.00E-03	1.00572538	5.16E-04
0.765	5.00E-03	1.00466657	5.10E-04
0.775	5.00E-03	1.0012337	5.03E-04
0.785	5.00E-03	1.00283217	4.99E-04
0.795	5.00E-03	1.00230336	4.94E-04
0.805	5.00E-03	1.00317478	4.90E-04
0.815	5.00E-03	1.0048902	4.88E-04
0.825	5.00E-03	1.0066359	4.86E-04
0.835	5.00E-03	1.00854909	4.85E-04
0.845	5.00E-03	1.01069522	4.85E-04
0.855	5.00E-03	1.01099622	4.86E-04
0.865	5.00E-03	1.01079023	4.86E-04
0.875	5.00E-03	1.00969303	4.87E-04
0.885	5.00E-03	1.0075618	4.87E-04
0.895	5.00E-03	1.00650179	4.87E-04
0.905	5.00E-03	1.00613105	4.88E-04
0.915	5.00E-03	1.00423765	4.87E-04
0.925	5.00E-03	1.00321281	4.86E-04
0.935	5.00E-03	1.0033772	4.85E-04
0.945	5.00E-03	1.00257182	4.84E-04
0.955	5.00E-03	1.00404286	4.83E-04
0.965	5.00E-03	1.00431585	4.82E-04
0.975	5.00E-03	1.00577295	4.81E-04
0.985	5.00E-03	1.00423431	4.80E-04
0.995	5.00E-03	1.00631046	4.80E-04
1.005	5.00E-03	1.00568604	4.79E-04
1.015	5.00E-03	1.0048424	4.78E-04
1.025	5.00E-03	1.00595248	4.78E-04
1.035	5.00E-03	1.0055443	4.78E-04
1.045	5.00E-03	1.00442898	4.77E-04
1.055	5.00E-03	1.00212908	4.77E-04
1.065	5.00E-03	1.001562	4.77E-04
1.075	5.00E-03	1.00200307	4.77E-04
1.085	5.00E-03	1.00100362	4.77E-04
1.095	5.00E-03	1.00076914	4.77E-04
1.105	5.00E-03	0.999891937	4.77E-04
1.115	5.00E-03	1.00000954	4.78E-04
1.125	5.00E-03	0.999703825	4.78E-04
1.135	5.00E-03	0.999082446	4.79E-04
1.145	5.00E-03	0.99973464	4.79E-04
1.155	5.00E-03	0.999216676	4.80E-04
1.165	5.00E-03	0.998211861	4.81E-04
1.175	5.00E-03	0.998531759	4.82E-04
1.185	5.00E-03	0.998930156	4.83E-04
1.195	5.00E-03	0.998341143	4.84E-04
1.205	5.00E-03	0.998854876	4.85E-04
1.215	5.00E-03	0.998932421	4.86E-04
1.225	5.00E-03	0.999102712	4.88E-04
1.235	5.00E-03	1.00017035	4.90E-04
1.245	5.00E-03	1.00095558	4.91E-04
1.255	5.00E-03	1.00180995	4.93E-04
1.265	5.00E-03	1.002666	4.95E-04
1.275	5.00E-03	1.00239074	4.97E-04
1.285	5.00E-03	1.00110149	4.99E-04
1.295	5.00E-03	1.00187325	5.01E-04
1.305	5.00E-03	1.00156558	5.03E-04
1.315	5.00E-03	1.00026786	5.05E-04
1.325	5.00E-03	1.00100613	5.07E-04
1.335	5.00E-03	1.00120544	5.10E-04
1.345	5.00E-03	1.00124753	5.12E-04
1.355	5.00E-03	1.00219226	5.14E-04
1.365	5.00E-03	1.00227046	5.16E-04
1.375	5.00E-03	1.0012238	5.18E-04
1.385	5.00E-03	1.00186086	5.20E-04
1.395	5.00E-03	1.00130975	5.22E-04
1.405	5.00E-03	1.00254488	5.24E-04
1.415	5.00E-03	1.00055921	5.26E-04
1.425	5.00E-03	0.999511838	5.28E-04
1.435	5.00E-03	1.00009143	5.30E-04
1.445	5.00E-03	1.00133812	5.32E-04
1.455	5.00E-03	0.999710917	5.34E-04
1.465	5.00E-03	1.00024283	5.36E-04
1.475	5.00E-03	0.999520302	5.38E-04
1.485	5.00E-03	0.999198258	5.40E-04
1.495	5.00E-03	0.997131288	5.42E-04
1.505	5.00E-03	0.997562468	5.45E-04
1.515	5.00E-03	0.996383607	5.48E-04
1.525	5.00E-03	0.995483935	5.51E-04
1.535	5.00E-03	0.993343353	5.54E-04
1.545	5.00E-03	0.992980123	5.57E-04
1.555	5.00E-03	0.992678285	5.61E-04
1.565	5.00E-03	0.993035257	5.65E-04
1.575	5.00E-03	0.991484582	5.69E-04
1.585	5.00E-03	0.989392281	5.72E-04
1.595	5.00E-03	0.98972857	5.75E-04
1.605	5.00E-03	0.990350962	5.78E-04
1.615	5.00E-03	0.991492033	5.82E-04
1.625	5.00E-03	0.992394686	5.84E-04
1.635	5.00E-03	0.993149996	5.87E-04
1.645	5.00E-03	0.993641257	5.89E-04
1.655	5.00E-03	0.995112181	5.91E-04
1.665	5.00E-03	0.997207999	5.93E-04
1.675	5.00E-03	0.997369587	5.95E-04
1.685	5.00E-03	0.998727262	5.96E-04
1.695	5.00E-03	0.998374104	5.97E-04
1.705	5.00E-03	0.998576462	5.99E-04
1.715	5.00E-03	0.998861969	6.00E-04
1.725	5.00E-03	0.9997949	6.01E-04
1.735	5.00E-03	0.998739541	6.02E-04
1.745	5.00E-03	0.998952568	6.04E-04
1.755	5.00E-03	0.998573601	6.06E-04
1.765	5.00E-03	0.998224497	6.08E-04
1.775	5.00E-03	0.999159515	6.11E-04
1.785	5.00E-03	0.998984337	6.15E-04
1.795	5.00E-03	1.00086939	6.21E-04
1.805	5.00E-03	1.0021441	6.27E-04
1.815	5.00E-03	1.00213897	6.34E-04
1.825	5.00E-03	1.00322807	6.43E-04
1.835	5.00E-03	1.0022552	6.52E-04
1.845	5.00E-03	1.0051378	6.62E-04
1.855	5.00E-03	1.00612438	6.73E-04
1.865	5.00E-03	1.00573277	6.82E-04
1.875	5.00E-03	1.00652468	6.91E-04
1.885	5.00E-03	1.00519848	6.99E-04
1.895	5.00E-03	1.00809836	7.07E-04
1.905	5.00E-03	1.00689363	7.12E-04
1.915	5.00E-03	1.00874639	7.17E-04
1.925	5.00E-03	1.00894415	7.22E-04
1.935	5.00E-03	1.0092572	7.26E-04
1.945	5.00E-03	1.00985539	7.30E-04
1.955	5.00E-03	1.01034236	7.33E-04
1.965	5.00E-03	1.01180553	7.37E-04
1.975	5.00E-03	1.01092815	7.41E-04
1.985	5.00E-03	1.01162863	7.45E-04
1.995	5.00E-03	1.01323056	7.49E-04
2.005	5.00E-03	1.01369774	7.53E-04
2.015	5.00E-03	1.01268208	7.57E-04
2.025	5.00E-03	1.0140245	7.61E-04
2.035	5.00E-03	1.01521206	7.66E-04
2.045	5.00E-03	1.01575482	7.71E-04
2.055	5.00E-03	1.01554811	7.75E-04
2.065	5.00E-03	1.01554108	7.80E-04
2.075	5.00E-03	1.01662314	7.85E-04
2.085	5.00E-03	1.01839125	7.91E-04
2.095	5.00E-03	1.02010047	7.97E-04
2.105	5.00E-03	1.02004397	8.03E-04
2.115	5.00E-03	1.02152348	8.10E-04
2.125	5.00E-03	1.02437568	8.18E-04
2.135	5.00E-03	1.02500236	8.26E-04
2.145	5.00E-03	1.02703536	8.36E-04
2.155	5.00E-03	1.02981281	8.47E-04
2.165	5.00E-03	1.03226745	8.60E-04
2.175	5.00E-03	1.03333139	8.73E-04
2.185	5.00E-03	1.03600776	8.90E-04
2.195	5.00E-03	1.03700626	9.08E-04
2.205	5.00E-03	1.03942621	9.29E-04
2.215	5.00E-03	1.04140174	9.53E-04
2.225	5.00E-03	1.04104638	9.77E-04
2.235	5.00E-03	1.04190791	1.00E-03
2.245	5.00E-03	1.04652357	1.03E-03
2.255	5.00E-03	1.04705739	1.06E-03
2.265	5.00E-03	1.04981649	1.09E-03
2.275	5.00E-03	1.0511384	1.11E-03
2.285	5.00E-03	1.05751956	1.14E-03
2.295	5.00E-03	1.06161475	1.16E-03
2.305	5.00E-03	1.06461906	1.18E-03
2.315	5.00E-03	1.06895673	1.20E-03
2.325	5.00E-03	1.0665431	1.21E-03
2.335	5.00E-03	1.06626797	1.22E-03
2.345	5.00E-03	1.06457138	1.22E-03
2.355	5.00E-03	1.06558335	1.23E-03
2.365	5.00E-03	1.0605545	1.23E-03
2.375	5.00E-03	1.05898869	1.23E-03
2.385	5.00E-03	1.05836046	1.23E-03
2.395	5.00E-03	1.05489969	1.22E-03
2.405	5.00E-03	1.05220342	1.22E-03
2.415	5.00E-03	1.05336058	1.22E-03
2.425	5.00E-03	1.05185044	1.22E-03
2.435	5.00E-03	1.05105245	1.22E-03
2.445	5.00E-03	1.04875815	1.22E-03
2.455	5.00E-03	1.04791272	1.21E-03
2.465	5.00E-03	1.04567611	1.21E-03
2.475	5.00E-03	1.04764926	1.22E-03
2.485	5.00E-03	1.04593253	1.22E-03
2.495	5.00E-03	1.04528105	1.22E-03
2.505	5.00E-03	1.04474485	1.22E-03
2.515	5.00E-03	1.04647338	1.22E-03
2.525	5.00E-03	1.04624271	1.23E-03
2.535	5.00E-03	1.04474223	1.23E-03
2.545	5.00E-03	1.04665422	1.23E-03
2.555	5.00E-03	1.04556477	1.24E-03
2.565	5.00E-03	1.04629588	1.24E-03
2.575	5.00E-03	1.04523766	1.24E-03
2.585	5.00E-03	1.04538965	1.25E-03
2.595	5.00E-03	1.04717886	1.25E-03
2.605	5.00E-03	1.04956234	1.26E-03
2.615	5.00E-03	1.04999006	1.26E-03
2.625	5.00E-03	1.05031192	1.27E-03
2.635	5.00E-03	1.05111897	1.28E-03
2.645	5.00E-03	1.04886806	1.28E-03
2.655	5.00E-03	1.05366731	1.29E-03
2.665	5.00E-03	1.05607569	1.30E-03
2.675	5.00E-03	1.05725765	1.31E-03
2.685	5.00E-03	1.05466712	1.31E-03
2.695	5.00E-03	1.05419648	1.32E-03
2.705	5.00E-03	1.0553292	1.33E-03
2.715	5.00E-03	1.0527426	1.33E-03
2.725	5.00E-03	1.05008268	1.34E-03
2.735	5.00E-03	1.04980814	1.35E-03
2.745	5.00E-03	1.04732037	1.35E-03
2.755	5.00E-03	1.04351604	1.35E-03
2.765	5.00E-03	1.04286253	1.36E-03
2.775	5.00E-03	1.0417968	1.36E-03
2.785	5.00E-03	1.04211402	1.37E-03
2.795	5.00E-03	1.03862846	1.37E-03
2.805	5.00E-03	1.0432111	1.38E-03
2.815	5.00E-03	1.0383867	1.38E-03
2.825	5.00E-03	1.03825045	1.38E-03
2.835	5.00E-03	1.04004276	1.38E-03
2.845	5.00E-03	1.03558099	1.38E-03
2.855	5.00E-03	1.03888452	1.39E-03
2.865	5.00E-03	1.03817821	1.39E-03
2.875	5.00E-03	1.03881323	1.40E-03
2.885	5.00E-03	1.03676045	1.40E-03
2.895	5.00E-03	1.03484523	1.40E-03
2.905	5.00E-03	1.03387058	1.40E-03
2.915	5.00E-03	1.03541112	1.41E-03
2.925	5.00E-03	1.03739524	1.41E-03
2.935	5.00E-03	1.03364396	1.41E-03
2.945	5.00E-03	1.03043342	1.41E-03
2.955	5.00E-03	1.03352237	1.42E-03
2.965	5.00E-03	1.03258848	1.42E-03
2.975	5.00E-03	1.02909768	1.43E-03
2.985	5.00E-03	1.03092682	1.43E-03
2.995	5.00E-03	1.03388834	1.44E-03
3.005	5.00E-03	1.03125441	1.44E-03
3.015	5.00E-03	1.02819908	1.44E-03
3.025	5.00E-03	1.02990901	1.45E-03
3.035	5.00E-03	1.02703416	1.45E-03
3.045	5.00E-03	1.02428269	1.46E-03
3.055	5.00E-03	1.02610672	1.46E-03
3.065	5.00E-03	1.02495694	1.47E-03
3.075	5.00E-03	1.02501059	1.47E-03
3.085	5.00E-03	1.02694356	1.48E-03
3.095	5.00E-03	1.02265096	1.48E-03
3.105	5.00E-03	1.02576733	1.49E-03
3.115	5.00E-03	1.02376914	1.50E-03
3.125	5.00E-03	1.02178347	1.50E-03
3.135	5.00E-03	1.02126467	1.51E-03
3.145	5.00E-03	1.02358258	1.52E-03
3.155	5.00E-03	1.02102447	1.52E-03
3.165	5.00E-03	1.02240133	1.53E-03
3.175	5.00E-03	1.02052414	1.53E-03
3.185	5.00E-03	1.02050626	1.54E-03
3.195	5.00E-03	1.02233875	1.55E-03
3.205	5.00E-03	1.02153385	1.55E-03
3.215	5.00E-03	1.02157605	1.56E-03
3.225	5.00E-03	1.02380311	1.57E-03
3.235	5.00E-03	1.02179694	1.57E-03
3.245	5.00E-03	1.02527821	1.58E-03
3.255	5.00E-03	1.02262449	1.58E-03
3.265	5.00E-03	1.02543461	1.59E-03
3.275	5.00E-03	1.02386308	1.59E-03
3.285	5.00E-03	1.02342343	1.60E-03
3.295	5.00E-03	1.02221239	1.60E-03
3.305	5.00E-03	1.02307165	1.61E-03
3.315	5.00E-03	1.02149165	1.61E-03
3.325	5.00E-03	1.02207756	1.62E-03
3.335	5.00E-03	1.02149415	1.62E-03
3.345	5.00E-03	1.02329063	1.63E-03
3.355	5.00E-03	1.02166092	1.63E-03
3.365	5.00E-03	1.02165103	1.64E-03
3.375	5.00E-03	1.0199703	1.65E-03
3.385	5.00E-03	1.02087247	1.65E-03
3.395	5.00E-03	1.01960516	1.66E-03
3.405	5.00E-03	1.01931882	1.66E-03
3.415	5.00E-03	1.01896763	1.67E-03
3.425	5.00E-03	1.01894867	1.68E-03
3.435	5.00E-03	1.01778889	1.68E-03
3.445	5.00E-03	1.01637876	1.69E-03
3.455	5.00E-03	1.01622379	1.69E-03
3.465	5.00E-03	1.01766646	1.70E-03
3.475	5.00E-03	1.01730609	1.71E-03
3.485	5.00E-03	1.01395738	1.71E-03
3.495	5.00E-03	1.01698303	1.72E-03
3.505	5.00E-03	1.01590371	1.72E-03
3.515	5.00E-03	1.01411057	1.73E-03
3.525	5.00E-03	1.01646125	1.73E-03
3.535	5.00E-03	1.01275754	1.74E-03
3.545	5.00E-03	1.01841128	1.75E-03
3.555	5.00E-03	1.01425445	1.75E-03
3.565	5.00E-03	1.0113821	1.75E-03
3.575	5.00E-03	1.01140451	1.76E-03
3.585	5.00E-03	1.01788461	1.77E-03
3.595	5.00E-03	1.01441336	1.77E-03
3.605	5.00E-03	1.01164889	1.78E-03
3.615	5.00E-03	1.01647735	1.79E-03
3.625	5.00E-03	1.0148176	1.79E-03
3.635	5.00E-03	1.01183176	1.80E-03
3.645	5.00E-03	1.01491749	1.81E-03
3.655	5.00E-03	1.01509392	1.81E-03
3.665	5.00E-03	1.01167214	1.82E-03
3.675	5.00E-03	1.01466584	1.83E-03
3.685	5.00E-03	1.01234961	1.83E-03
3.695	5.00E-03	1.01605558	1.84E-03
3.705	5.00E-03	1.01422405	1.85E-03
3.715	5.00E-03	1.01316547	1.85E-03
3.725	5.00E-03	1.0142628	1.86E-03
3.735	5.00E-03	1.01106894	1.86E-03
3.745	5.00E-03	1.01746297	1.88E-03
3.755	5.00E-03	1.01429772	1.88E-03
3.765	5.00E-03	1.01311183	1.89E-03
3.775	5.00E-03	1.01361012	1.89E-03
3.785	5.00E-03	1.01355875	1.90E-03
3.795	5.00E-03	1.01077831	1.91E-03
3.805	5.00E-03	1.01506746	1.92E-03
3.815	5.00E-03	1.01363385	1.92E-03
3.825	5.00E-03	1.01591241	1.93E-03
3.835	5.00E-03	1.01541233	1.94E-03
3.845	5.00E-03	1.01633716	1.95E-03
3.855	5.00E-03	1.01166809	1.95E-03
3.865	5.00E-03	1.01167727	1.96E-03
3.875	5.00E-03	1.01398838	1.97E-03
3.885	5.00E-03	1.01419342	1.97E-03
3.895	5.00E-03	1.01009357	1.98E-03
3.905	5.00E-03	1.01541674	1.99E-03
3.915	5.00E-03	1.01035655	1.99E-03
3.925	5.00E-03	1.01386619	2.00E-03
3.935	5.00E-03	1.01389802	2.01E-03
3.945	5.00E-03	1.01243615	2.02E-03
3.955	5.00E-03	1.0122813	2.03E-03
3.965	5.00E-03	1.01638591	2.04E-03
3.975	5.00E-03	1.01255178	2.04E-03
3.985	5.00E-03	1.01545513	2.05E-03
3.995	5.00E-03	1.01299095	2.06E-03
4.005	5.00E-03	1.01053917	2.06E-03
4.015	5.00E-03	1.01240718	2.07E-03
4.025	5.00E-03	1.01340306	2.08E-03
4.035	5.00E-03	1.01051104	2.09E-03
4.045	5.00E-03	1.01252985	2.10E-03
4.055	5.00E-03	1.01520026	2.11E-03
4.065	5.00E-03	1.01028049	2.11E-03
4.075	5.00E-03	1.00868893	2.12E-03
4.085	5.00E-03	1.00883603	2.13E-03
4.095	5.00E-03	1.01248443	2.14E-03
4.105	5.00E-03	1.0149678	2.15E-03
4.115	5.00E-03	1.00886559	2.15E-03
4.125	5.00E-03	1.01032484	2.16E-03
4.135	5.00E-03	1.00782716	2.17E-03
4.145	5.00E-03	1.00741696	2.17E-03
4.155	5.00E-03	1.0090493	2.18E-03
4.165	5.00E-03	1.00957894	2.19E-03
4.175	5.00E-03	1.00918376	2.20E-03
4.185	5.00E-03	1.00594103	2.21E-03
4.195	5.00E-03	1.0057193	2.22E-03
4.205	5.00E-03	1.00988412	2.23E-03
4.215	5.00E-03	1.00762177	2.24E-03
4.225	5.00E-03	1.00573468	2.24E-03
4.235	5.00E-03	1.00933766	2.25E-03
4.245	5.00E-03	1.00782847	2.26E-03
4.255	5.00E-03	1.01234591	2.28E-03
4.265	5.00E-03	1.00500953	2.28E-03
4.275	5.00E-03	1.00862205	2.29E-03
4.285	5.00E-03	1.00971746	2.30E-03
4.295	5.00E-03	1.00771868	2.31E-03
4.305	5.00E-03	1.0134629	2.32E-03
4.315	5.00E-03	1.01167047	2.33E-03
4.325	5.00E-03	1.00945115	2.34E-03
4.335	5.00E-03	1.00866306	2.35E-03
4.345	5.00E-03	1.0097295	2.36E-03
4.355	5.00E-03	1.00816858	2.36E-03
4.365	5.00E-03	1.00925314	2.38E-03
4.375	5.00E-03	1.01532483	2.39E-03
4.385	5.00E-03	1.01328671	2.40E-03
4.395	5.00E-03	1.01223707	2.41E-03
4.405	5.00E-03	1.01007557	2.41E-03
4.415	5.00E-03	1.01338434	2.43E-03
4.425	5.00E-03	1.00662005	2.43E-03
4.435	5.00E-03	1.01066387	2.44E-03
4.445	5.00E-03	1.01242208	2.45E-03
4.455	5.00E-03	1.01635647	2.47E-03
4.465	5.00E-03	1.00833607	2.47E-03
4.475	5.00E-03	1.01222432	2.48E-03
4.485	5.00E-03	1.00650525	2.49E-03
4.495	5.00E-03	1.00800192	2.50E-03
4.505	5.00E-03	1.01150393	2.51E-03
4.515	5.00E-03	1.01020801	2.52E-03
4.525	5.00E-03	1.01445377	2.53E-03
4.535	5.00E-03	1.00893021	2.54E-03
4.545	5.00E-03	1.00592828	2.54E-03
4.555	5.00E-03	1.00548244	2.55E-03
4.565	5.00E-03	1.00854218	2.57E-03
4.575	5.00E-03	1.00520003	2.57E-03
4.585	5.00E-03	1.00244021	2.58E-03
4.595	5.00E-03	1.00602937	2.59E-03
4.605	5.00E-03	1.00882328	2.61E-03
4.615	5.00E-03	1.00654376	2.61E-03
4.625	5.00E-03	1.00269377	2.62E-03
4.635	5.00E-03	1.00281954	2.63E-03
4.645	5.00E-03	1.00228035	2.64E-03
4.655	5.00E-03	1.0042634	2.65E-03
4.665	5.00E-03	0.998659551	2.66E-03
4.675	5.00E-03	1.00548315	2.68E-03
4.685	5.00E-03	1.00402498	2.68E-03
4.695	5.00E-03	1.00197721	2.69E-03
4.705	5.00E-03	1.00189114	2.70E-03
4.715	5.00E-03	1.00139856	2.71E-03
4.725	5.00E-03	0.998566329	2.72E-03
4.735	5.00E-03	1.00644219	2.74E-03
4.745	5.00E-03	1.00493443	2.75E-03
4.755	5.00E-03	1.00193381	2.75E-03
4.765	5.00E-03	0.997032285	2.76E-03
4.775	5.00E-03	0.999655128	2.77E-03
4.785	5.00E-03	0.999134362	2.78E-03
4.795	5.00E-03	1.00309193	2.80E-03
4.805	5.00E-03	1.00899518	2.82E-03
4.815	5.00E-03	1.00873244	2.83E-03
4.825	5.00E-03	1.00573277	2.84E-03
4.835	5.00E-03	1.00266504	2.84E-03
4.845	5.00E-03	1.00159931	2.85E-03
4.855	5.00E-03	1.0045234	2.87E-03
4.865	5.00E-03	1.00296843	2.88E-03
4.875	5.00E-03	1.01038885	2.90E-03
4.885	5.00E-03	1.00867176	2.91E-03
4.895	5.00E-03	1.00157964	2.91E-03
4.905	5.00E-03	1.00463653	2.92E-03
4.915	5.00E-03	1.00490963	2.94E-03
4.925	5.00E-03	1.00971437	2.95E-03
4.935	5.00E-03	1.00361049	2.96E-03
4.945	5.00E-03	1.00903296	2.98E-03
4.955	5.00E-03	1.00860512	2.99E-03
4.965	5.00E-03	1.01007903	3.00E-03
4.975	5.00E-03	1.0033915	3.00E-03
4.985	5.00E-03	1.01307917	3.03E-03
4.995	5.00E-03	1.00904763	3.03E-03
5.005	5.00E-03	1.00721395	3.04E-03
5.015	5.00E-03	1.00916767	3.06E-03
5.025	5.00E-03	1.00916851	3.07E-03
5.035	5.00E-03	1.00656712	3.08E-03
5.045	5.00E-03	1.00853944	3.09E-03
5.055	5.00E-03	1.00709581	3.10E-03
5.065	5.00E-03	1.00126112	3.11E-03
5.075	5.00E-03	1.00802732	3.13E-03
5.085	5.00E-03	1.00885928	3.14E-03
5.095	5.00E-03	1.00535524	3.15E-03
5.105	5.00E-03	1.01217532	3.17E-03
5.115	5.00E-03	1.00799334	3.18E-03
5.125	5.00E-03	1.00873291	3.19E-03
5.135	5.00E-03	1.00624931	3.20E-03
5.145	5.00E-03	1.00586712	3.21E-03
5.155	5.00E-03	1.0052439	3.22E-03
5.165	5.00E-03	1.00854564	3.24E-03
5.175	5.00E-03	1.00589168	3.25E-03
5.185	5.00E-03	1.00550628	3.26E-03
5.195	5.00E-03	1.00680459	3.27E-03
5.205	5.00E-03	1.00811064	3.29E-03
5.215	5.00E-03	1.0163244	3.31E-03
5.225	5.00E-03	1.01695311	3.33E-03
5.235	5.00E-03	1.01033282	3.33E-03
5.245	5.00E-03	1.00579619	3.33E-03
5.255	5.00E-03	1.0054363	3.35E-03
5.265	5.00E-03	1.00646055	3.36E-03
5.275	5.00E-03	1.00794613	3.38E-03
5.285	5.00E-03	1.01140261	3.39E-03
5.295	5.00E-03	1.01162672	3.41E-03
5.305	5.00E-03	1.00901783	3.42E-03
5.315	5.00E-03	1.00804484	3.43E-03
5.325	5.00E-03	1.00293982	3.43E-03
5.335	5.00E-03	1.00503528	3.45E-03
5.345	5.00E-03	1.00505555	3.46E-03
5.355	5.00E-03	1.0075084	3.48E-03
5.365	5.00E-03	1.00234246	3.48E-03
5.375	5.00E-03	1.00337052	3.49E-03
5.385	5.00E-03	1.00157845	3.50E-03
5.395	5.00E-03	0.998243988	3.51E-03
5.405	5.00E-03	1.00559115	3.54E-03
5.415	5.00E-03	0.999535739	3.54E-03
5.425	5.00E-03	1.00316048	3.56E-03
5.435	5.00E-03	1.00023794	3.57E-03
5.445	5.00E-03	0.998538196	3.58E-03
5.455	5.00E-03	1.01128757	3.61E-03
5.465	5.00E-03	0.996594489	3.60E-03
5.475	5.00E-03	0.997847795	3.61E-03
5.485	5.00E-03	1.00786889	3.65E-03
5.495	5.00E-03	1.00503993	3.65E-03
5.505	5.00E-03	1.00613046	3.67E-03
5.515	5.00E-03	1.00804424	3.69E-03
5.525	5.00E-03	1.00594735	3.70E-03
5.535	5.00E-03	0.997929692	3.70E-03
5.545	5.00E-03	1.00691867	3.73E-03
5.555	5.00E-03	1.00541091	3.74E-03
5.565	5.00E-03	1.0021013	3.75E-03
5.575	5.00E-03	1.00773704	3.77E-03
5.585	5.00E-03	1.00501895	3.78E-03
5.595	5.00E-03	1.00107312	3.78E-03
5.605	5.00E-03	1.00272012	3.80E-03
5.615	5.00E-03	1.00112569	3.81E-03
5.625	5.00E-03	1.00372255	3.83E-03
5.635	5.00E-03	1.01117873	3.86E-03
5.645	5.00E-03	1.0035764	3.86E-03
5.655	5.00E-03	1.00823164	3.88E-03
5.665	5.00E-03	1.00182605	3.88E-03
5.675	5.00E-03	1.00344837	3.90E-03
5.685	5.00E-03	0.998387158	3.91E-03
5.695	5.00E-03	1.00734615	3.94E-03
5.705	5.00E-03	1.00258744	3.94E-03
5.715	5.00E-03	0.999403	3.95E-03
5.725	5.00E-03	1.00237775	3.97E-03
5.735	5.00E-03	1.00030863	3.98E-03
5.745	5.00E-03	1.00872338	4.01E-03
5.755	5.00E-03	1.00807464	4.03E-03
5.765	5.00E-03	0.999798656	4.03E-03
5.775	5.00E-03	1.00709331	4.06E-03
5.785	5.00E-03	1.00238883	4.06E-03
5.795	5.00E-03	1.00273371	4.08E-03
5.805	5.00E-03	1.00677025	4.10E-03
5.815	5.00E-03	1.0065943	4.11E-03
5.825	5.00E-03	1.00218165	4.12E-03
5.835	5.00E-03	1.00324678	4.14E-03
5.845	5.00E-03	1.00027537	4.14E-03
5.855	5.00E-03	1.00096679	4.16E-03
5.865	5.00E-03	1.00312114	4.18E-03
5.875	5.00E-03	0.999718547	4.19E-03
5.885	5.00E-03	1.00478256	4.21E-03
5.895	5.00E-03	0.995055795	4.21E-03
5.905	5.00E-03	0.993781626	4.22E-03
5.915	5.00E-03	0.999070168	4.25E-03
5.925	5.00E-03	0.99415189	4.25E-03
5.935	5.00E-03	1.00130224	4.28E-03
5.945	5.00E-03	1.00163281	4.30E-03
5.955	5.00E-03	0.994065404	4.30E-03
5.965	5.00E-03	1.00109482	4.33E-03
5.975	5.00E-03	0.992514431	4.33E-03
5.985	5.00E-03	0.994129777	4.34E-03
5.995	5.00E-03	0.999714792	4.37E-03
6.005	5.00E-03	0.99517405	4.38E-03
6.015	5.00E-03	0.994235337	4.39E-03
6.025	5.00E-03	0.996525764	4.41E-03
6.035	5.00E-03	0.997448504	4.43E-03
6.045	5.00E-03	0.999708593	4.45E-03
6.055	5.00E-03	0.996605098	4.46E-03
6.065	5.00E-03	0.985709786	4.45E-03
6.075	5.00E-03	1.00038087	4.50E-03
6.085	5.00E-03	0.99324894	4.50E-03
6.095	5.00E-03	0.995118022	4.52E-03
6.105	5.00E-03	1.003142	4.56E-03
6.115	5.00E-03	0.991070867	4.54E-03
6.125	5.00E-03	0.984228909	4.55E-03
6.135	5.00E-03	0.998394728	4.59E-03
6.145	5.00E-03	0.992720306	4.60E-03
6.155	5.00E-03	0.998490274	4.63E-03
6.165	5.00E-03	0.983865201	4.61E-03
6.175	5.00E-03	0.999185205	4.66E-03
6.185	5.00E-03	0.996277034	4.67E-03
6.195	5.00E-03	0.99049753	4.67E-03
6.205	5.00E-03	0.993869722	4.70E-03
6.215	5.00E-03	0.98990196	4.71E-03
6.225	5.00E-03	0.991233766	4.73E-03
6.235	5.00E-03	0.993327796	4.75E-03
6.245	5.00E-03	0.994989216	4.77E-03
6.255	5.00E-03	0.992526889	4.78E-03
6.265	5.00E-03	0.983095109	4.77E-03
6.275	5.00E-03	0.990982771	4.81E-03
6.285	5.00E-03	0.999448299	4.85E-03
6.295	5.00E-03	0.988026559	4.84E-03
6.305	5.00E-03	0.991743445	4.86E-03
6.315	5.00E-03	0.985401213	4.86E-03
6.325	5.00E-03	0.993013322	4.90E-03
6.335	5.00E-03	0.991427779	4.91E-03
6.345	5.00E-03	0.996314704	4.94E-03
6.355	5.00E-03	0.992401361	4.95E-03
6.365	5.00E-03	0.99452275	4.97E-03
6.375	5.00E-03	0.984548569	4.97E-03
6.385	5.00E-03	0.987244487	4.99E-03
6.395	5.00E-03	0.988402009	5.01E-03
6.405	5.00E-03	0.98780936	5.03E-03
6.415	5.00E-03	0.98934561	5.05E-03
6.425	5.00E-03	0.986881793	5.06E-03
6.435	5.00E-03	0.985950708	5.08E-03
6.445	5.00E-03	0.992532194	5.11E-03
6.455	5.00E-03	0.987151802	5.11E-03
6.465	5.00E-03	0.984018445	5.12E-03
6.475	5.00E-03	1.00169504	5.19E-03
6.485	5.00E-03	0.99489063	5.19E-03
6.495	5.00E-03	0.990854502	5.20E-03
6.505	5.00E-03	0.990332723	5.21E-03
6.515	5.00E-03	0.987237871	5.22E-03
6.525	5.00E-03	0.986414254	5.24E-03
6.535	5.00E-03	0.980792344	5.24E-03
6.545	5.00E-03	0.987882137	5.28E-03
6.555	5.00E-03	0.982999742	5.29E-03
6.565	5.00E-03	0.981661618	5.30E-03
6.575	5.00E-03	0.992993116	5.35E-03
6.585	5.00E-03	0.980721593	5.34E-03
6.595	5.00E-03	0.981525123	5.36E-03
6.605	5.00E-03	0.985203326	5.38E-03
6.615	5.00E-03	0.987874806	5.41E-03
6.625	5.00E-03	0.987309754	5.43E-03
6.635	5.00E-03	0.985032976	5.44E-03
6.645	5.00E-03	0.982643306	5.45E-03
6.655	5.00E-03	0.984436572	5.48E-03
6.665	5.00E-03	0.984823525	5.50E-03
6.675	5.00E-03	1.0001241	5.56E-03
6.685	5.00E-03	0.979175508	5.52E-03
6.695	5.00E-03	0.995616615	5.59E-03
6.705	5.00E-03	0.983424187	5.57E-03
6.715	5.00E-03	0.983087361	5.59E-03
6.725	5.00E-03	0.98685652	5.62E-03
6.735	5.00E-03	0.98676151	5.64E-03
6.745	5.00E-03	0.98333782	5.65E-03
6.755	5.00E-03	0.986973047	5.68E-03
6.765	5.00E-03	0.981658936	5.68E-03
6.775	5.00E-03	0.976651728	5.69E-03
6.785	5.00E-03	0.975929558	5.71E-03
6.795	5.00E-03	0.973199248	5.72E-03
6.805	5.00E-03	0.988889396	5.78E-03
6.815	5.00E-03	0.987032473	5.80E-03
6.825	5.00E-03	0.972886205	5.78E-03
6.835	5.00E-03	0.984230936	5.83E-03
6.845	5.00E-03	0.973315895	5.82E-03
6.855	5.00E-03	0.978558719	5.85E-03
6.865	5.00E-03	0.97941637	5.88E-03
6.875	5.00E-03	0.988442242	5.93E-03
6.885	5.00E-03	0.987565339	5.94E-03
6.895	5.00E-03	0.980647981	5.94E-03
6.905	5.00E-03	0.979351521	5.96E-03
6.915	5.00E-03	0.977002144	5.97E-03
6.925	5.00E-03	0.977219462	5.99E-03
6.935	5.00E-03	0.991130054	6.06E-03
6.945	5.00E-03	0.991128922	6.08E-03
6.955	5.00E-03	0.990216315	6.10E-03
6.965	5.00E-03	0.972192168	6.06E-03
6.975	5.00E-03	0.971765339	6.08E-03
6.985	5.00E-03	0.966189742	6.09E-03
6.995	5.00E-03	0.979873896	6.15E-03
7.005	5.00E-03	0.974932373	6.16E-03
7.015	5.00E-03	0.973327458	6.17E-03
7.025	5.00E-03	0.975487113	6.20E-03
7.035	5.00E-03	0.961009324	6.18E-03
7.045	5.00E-03	0.972318828	6.23E-03
7.055	5.00E-03	0.966324866	6.24E-03
7.065	5.00E-03	0.985593736	6.32E-03
7.075	5.00E-03	0.96550101	6.28E-03
7.085	5.00E-03	0.972515643	6.32E-03
7.095	5.00E-03	0.974253714	6.35E-03
7.105	5.00E-03	0.968471944	6.36E-03
7.115	5.00E-03	0.971470416	6.39E-03
7.125	5.00E-03	0.96934706	6.40E-03
7.135	5.00E-03	0.969059885	6.43E-03
7.145	5.00E-03	0.960217535	6.42E-03
7.155	5.00E-03	0.962468266	6.45E-03
7.165	5.00E-03	0.961554945	6.47E-03
7.175	5.00E-03	0.963236809	6.50E-03
7.185	5.00E-03	0.965228856	6.53E-03
7.195	5.00E-03	0.964025736	6.55E-03
7.205	5.00E-03	0.962201536	6.56E-03
7.215	5.00E-03	0.959294319	6.58E-03
7.225	5.00E-03	0.980293095	6.67E-03
7.235	5.00E-03	0.970581055	6.66E-03
7.245	5.00E-03	0.955840945	6.63E-03
7.255	5.00E-03	0.969431877	6.70E-03
7.265	5.00E-03	0.975690544	6.75E-03
7.275	5.00E-03	0.968450367	6.75E-03
7.285	5.00E-03	0.968107402	6.77E-03
7.295	5.00E-03	0.970091403	6.80E-03
7.305	5.00E-03	0.949411929	6.75E-03
7.315	5.00E-03	0.967618465	6.84E-03
7.325	5.00E-03	0.967888951	6.86E-03
7.335	5.00E-03	0.962582052	6.87E-03
7.345	5.00E-03	0.971158803	6.92E-03
7.355	5.00E-03	0.956918538	6.89E-03
7.365	5.00E-03	0.969931245	6.96E-03
7.375	5.00E-03	0.960727096	6.95E-03
7.385	5.00E-03	0.963869095	6.99E-03
7.395	5.00E-03	0.957362354	6.99E-03
7.405	5.00E-03	0.968397915	7.05E-03
7.415	5.00E-03	0.965154946	7.07E-03
7.425	5.00E-03	0.967187762	7.10E-03
7.435	5.00E-03	0.967523754	7.12E-03
7.445	5.00E-03	0.978225112	7.19E-03
7.455	5.00E-03	0.949507773	7.11E-03
7.465	5.00E-03	0.949482679	7.13E-03
7.475	5.00E-03	0.967316628	7.22E-03
7.485	5.00E-03	0.954508901	7.20E-03
7.495	5.00E-03	0.965590775	7.27E-03
7.505	5.00E-03	0.967806756	7.30E-03
7.515	5.00E-03	0.969287157	7.33E-03
7.525	5.00E-03	0.95349437	7.30E-03
7.535	5.00E-03	0.964190662	7.36E-03
7.545	5.00E-03	0.946127355	7.32E-03
7.555	5.00E-03	0.958141625	7.39E-03
7.565	5.00E-03	0.957940817	7.41E-03
7.575	5.00E-03	0.973522663	7.50E-03
7.585	5.00E-03	0.940756261	7.40E-03
7.595	5.00E-03	0.952888429	7.47E-03
7.605	5.00E-03	0.945502579	7.47E-03
7.615	5.00E-03	0.933693111	7.45E-03
7.625	5.00E-03	0.952772677	7.55E-03
7.635	5.00E-03	0.95328474	7.58E-03
7.645	5.00E-03	0.936296344	7.53E-03
7.655	5.00E-03	0.947111785	7.60E-03
7.665	5.00E-03	0.945430398	7.62E-03
7.675	5.00E-03	0.958970428	7.70E-03
7.685	5.00E-03	0.943919122	7.67E-03
7.695	5.00E-03	0.93758893	7.67E-03
7.705	5.00E-03	0.943449736	7.72E-03
7.715	5.00E-03	0.965382934	7.84E-03
7.725	5.00E-03	0.940545022	7.76E-03
7.735	5.00E-03	0.934672892	7.77E-03
7.745	5.00E-03	0.963691235	7.91E-03
7.755	5.00E-03	0.944006383	7.86E-03
7.765	5.00E-03	0.949626386	7.91E-03
7.775	5.00E-03	0.950305521	7.94E-03
7.785	5.00E-03	0.940865278	7.93E-03
7.795	5.00E-03	0.946245968	7.98E-03
7.805	5.00E-03	0.94420886	8.00E-03
7.815	5.00E-03	0.949258864	8.05E-03
7.825	5.00E-03	0.94904846	8.07E-03
7.835	5.00E-03	0.947546661	8.09E-03
7.845	5.00E-03	0.960111678	8.18E-03
7.855	5.00E-03	0.950306237	8.16E-03
7.865	5.00E-03	0.935026526	8.12E-03
7.875	5.00E-03	0.9540326	8.23E-03
7.885	5.00E-03	0.946063817	8.23E-03
7.895	5.00E-03	0.935273886	8.21E-03
7.905	5.00E-03	0.938731313	8.25E-03
7.915	5.00E-03	0.942120492	8.30E-03
7.925	5.00E-03	0.941172481	8.32E-03
7.935	5.00E-03	0.946169257	8.37E-03
7.945	5.00E-03	0.940000951	8.37E-03
7.955	5.00E-03	0.950832248	8.45E-03
7.965	5.00E-03	0.95549196	8.50E-03
7.975	5.00E-03	0.942879736	8.48E-03
7.985	5.00E-03	0.929893851	8.45E-03
7.995	5.00E-03	0.934217811	8.49E-03
8.005	5.00E-03	0.944081724	8.57E-03
8.015	5.00E-03	0.968452096	8.71E-03
8.025	5.00E-03	0.962751687	8.71E-03
8.035	5.00E-03	0.936911047	8.63E-03
8.045	5.00E-03	0.948735178	8.71E-03
8.055	5.00E-03	0.943848014	8.72E-03
8.065	5.00E-03	0.928791225	8.68E-03
8.075	5.00E-03	0.931773603	8.72E-03
8.085	5.00E-03	0.933356047	8.76E-03
8.095	5.00E-03	0.937649667	8.81E-03
8.105	5.00E-03	0.930033922	8.81E-03
8.115	5.00E-03	0.943010628	8.90E-03
8.125	5.00E-03	0.947583973	8.95E-03
8.135	5.00E-03	0.927565932	8.89E-03
8.145	5.00E-03	0.945384741	9.00E-03
8.155	5.00E-03	0.942597687	9.02E-03
8.165	5.00E-03	0.950250149	9.09E-03
8.175	5.00E-03	0.935810089	9.05E-03
8.185	5.00E-03	0.933469594	9.07E-03
8.195	5.00E-03	0.932651639	9.10E-03
8.205	5.00E-03	0.940096319	9.17E-03
8.215	5.00E-03	0.941929162	9.21E-03
8.225	5.00E-03	0.934675694	9.21E-03
8.235	5.00E-03	0.940520287	9.27E-03
8.245	5.00E-03	0.940150797	9.30E-03
8.255	5.00E-03	0.94575417	9.36E-03
8.265	5.00E-03	0.926397026	9.30E-03
8.275	5.00E-03	0.953784525	9.47E-03
8.285	5.00E-03	0.927976668	9.37E-03
8.295	5.00E-03	0.924339116	9.38E-03
8.305	5.00E-03	0.945168853	9.52E-03
8.315	5.00E-03	0.94557637	9.56E-03
8.325	5.00E-03	0.941374421	9.57E-03
8.335	5.00E-03	0.934228837	9.57E-03
8.345	5.00E-03	0.940854013	9.64E-03
8.355	5.00E-03	0.929840207	9.61E-03
8.365	5.00E-03	0.93283987	9.66E-03
8.375	5.00E-03	0.929186463	9.68E-03
8.385	5.00E-03	0.926351368	9.70E-03
8.395	5.00E-03	0.924455166	9.72E-03
8.405	5.00E-03	0.94462651	9.86E-03
8.415	5.00E-03	0.915679872	9.74E-03
8.425	5.00E-03	0.930872202	9.86E-03
8.435	5.00E-03	0.930565119	9.89E-03
8.445	5.00E-03	0.933281541	9.94E-03
8.455	5.00E-03	0.915721536	9.88E-03
8.465	5.00E-03	0.921935678	9.95E-03
8.475	5.00E-03	0.919104695	9.97E-03
8.485	5.00E-03	0.914990366	9.99E-03
8.495	5.00E-03	0.922519147	1.01E-02
8.505	5.00E-03	0.916071355	1.01E-02
8.515	5.00E-03	0.92373997	1.01E-02
8.525	5.00E-03	0.944371343	1.03E-02
8.535	5.00E-03	0.937356293	1.03E-02
8.545	5.00E-03	0.921891451	1.02E-02
8.555	5.00E-03	0.937438846	1.04E-02
8.565	5.00E-03	0.916585326	1.03E-02
8.575	5.00E-03	0.916424394	1.03E-02
8.585	5.00E-03	0.91902715	1.04E-02
8.595	5.00E-03	0.927872837	1.05E-02
8.605	5.00E-03	0.937752545	1.06E-02
8.615	5.00E-03	0.932062805	1.06E-02
8.625	5.00E-03	0.913116753	1.05E-02
8.635	5.00E-03	0.93316561	1.06E-02
8.645	5.00E-03	0.907755613	1.05E-02
8.655	5.00E-03	0.935233295	1.07E-02
8.665	5.00E-03	0.92661649	1.07E-02
8.675	5.00E-03	0.903096557	1.06E-02
8.685	5.00E-03	0.914537609	1.07E-02
8.695	5.00E-03	0.916601479	1.08E-02
8.705	5.00E-03	0.938815773	1.09E-02
8.715	5.00E-03	0.908740222	1.08E-02
8.725	5.00E-03	0.913141668	1.09E-02
8.735	5.00E-03	0.925781965	1.10E-02
8.745	5.00E-03	0.937514305	1.11E-02
8.755	5.00E-03	0.912591636	1.10E-02
8.765	5.00E-03	0.912586808	1.10E-02
8.775	5.00E-03	0.92892015	1.12E-02
8.785	5.00E-03	0.91948545	1.12E-02
8.795	5.00E-03	0.917907953	1.12E-02
8.805	5.00E-03	0.908580899	1.12E-02
8.815	5.00E-03	0.924925148	1.13E-02
8.825	5.00E-03	0.909301341	1.13E-02
8.835	5.00E-03	0.907993793	1.13E-02
8.845	5.00E-03	0.933191001	1.15E-02
8.855	5.00E-03	0.927828074	1.15E-02
8.865	5.00E-03	0.914885938	1.15E-02
8.875	5.00E-03	0.916299641	1.15E-02
8.885	5.00E-03	0.912888765	1.15E-02
8.895	5.00E-03	0.935772896	1.17E-02
8.905	5.00E-03	0.934583783	1.17E-02
8.915	5.00E-03	0.921727061	1.17E-02
8.925	5.00E-03	0.926171482	1.18E-02
8.935	5.00E-03	0.904362798	1.17E-02
8.945	5.00E-03	0.911697328	1.18E-02
8.955	5.00E-03	0.938254297	1.20E-02
8.965	5.00E-03	0.918841898	1.19E-02
8.975	5.00E-03	0.909671366	1.19E-02
8.985	5.00E-03	0.907997608	1.19E-02
8.995	5.00E-03	0.909885287	1.20E-02
9.005	5.00E-03	0.901258051	1.20E-02
9.015	5.00E-03	0.926911473	1.22E-02
9.025	5.00E-03	0.919806361	1.22E-02
9.035	5.00E-03	0.900511682	1.21E-02
9.045	5.00E-03	0.919886768	1.23E-02
9.055	5.00E-03	0.90549463	1.22E-02
9.065	5.00E-03	0.882689416	1.21E-02
9.075	5.00E-03	0.895364881	1.23E-02
9.085	5.00E-03	0.907343805	1.24E-02
9.095	5.00E-03	0.911973357	1.25E-02
9.105	5.00E-03	0.891428947	1.24E-02
9.115	5.00E-03	0.893675089	1.24E-02
9.125	5.00E-03	0.899219155	1.25E-02
9.135	5.00E-03	0.907785535	1.26E-02
9.145	5.00E-03	0.889583647	1.25E-02
9.155	5.00E-03	0.906844914	1.27E-02
9.165	5.00E-03	0.888810575	1.26E-02
9.175	5.00E-03	0.895401478	1.27E-02
9.185	5.00E-03	0.898955524	1.28E-02
9.195	5.00E-03	0.902338743	1.29E-02
9.205	5.00E-03	0.922559917	1.31E-02
9.215	5.00E-03	0.894601941	1.29E-02
9.225	5.00E-03	0.917620063	1.31E-02
9.235	5.00E-03	0.886458278	1.30E-02
9.245	5.00E-03	0.908352077	1.32E-02
9.255	5.00E-03	0.900761008	1.32E-02
9.265	5.00E-03	0.909275293	1.33E-02
9.275	5.00E-03	0.887439787	1.32E-02
9.285	5.00E-03	0.897668898	1.33E-02
9.295	5.00E-03	0.881659091	1.32E-02
9.305	5.00E-03	0.916883647	1.35E-02
9.315	5.00E-03	0.918601155	1.36E-02
9.325	5.00E-03	0.893526375	1.35E-02
9.335	5.00E-03	0.919531524	1.37E-02
9.345	5.00E-03	0.894804657	1.36E-02
9.355	5.00E-03	0.897054493	1.36E-02
9.365	5.00E-03	0.893435419	1.37E-02
9.375	5.00E-03	0.900471985	1.38E-02
9.385	5.00E-03	0.894606233	1.38E-02
9.395	5.00E-03	0.868674397	1.36E-02
9.405	5.00E-03	0.8865605	1.38E-02
9.415	5.00E-03	0.924276233	1.42E-02
9.425	5.00E-03	0.887945354	1.40E-02
9.435	5.00E-03	0.879517436	1.39E-02
9.445	5.00E-03	0.895874441	1.41E-02
9.455	5.00E-03	0.88301158	1.41E-02
9.465	5.00E-03	0.893449426	1.42E-02
9.475	5.00E-03	0.8953318	1.43E-02
9.485	5.00E-03	0.901568353	1.44E-02
9.495	5.00E-03	0.872831821	1.42E-02
9.505	5.00E-03	0.88684088	1.44E-02
9.515	5.00E-03	0.868031621	1.43E-02
9.525	5.00E-03	0.888785422	1.45E-02
9.535	5.00E-03	0.874381602	1.45E-02
9.545	5.00E-03	0.865974844	1.45E-02
9.555	5.00E-03	0.903868854	1.48E-02
9.565	5.00E-03	0.892035306	1.48E-02
9.575	5.00E-03	0.888370991	1.48E-02
9.585	5.00E-03	0.892827809	1.49E-02
9.595	5.00E-03	0.896807671	1.50E-02
9.605	5.00E-03	0.86735785	1.48E-02
9.615	5.00E-03	0.868802786	1.49E-02
9.625	5.00E-03	0.897268414	1.52E-02
9.635	5.00E-03	0.875783682	1.51E-02
9.645	5.00E-03	0.875104964	1.51E-02
9.655	5.00E-03	0.858271599	1.51E-02
9.665	5.00E-03	0.857348979	1.51E-02
9.675	5.00E-03	0.881587148	1.54E-02
9.685	5.00E-03	0.893469632	1.55E-02
9.695	5.00E-03	0.863775671	1.53E-02
9.705	5.00E-03	0.851420045	1.53E-02
9.715	5.00E-03	0.892334402	1.57E-02
9.725	5.00E-03	0.848049939	1.54E-02
9.735	5.00E-03	0.877133012	1.57E-02
9.745	5.00E-03	0.863162696	1.57E-02
9.755	5.00E-03	0.86841011	1.58E-02
9.765	5.00E-03	0.883244276	1.60E-02
9.775	5.00E-03	0.851053953	1.58E-02
9.785	5.00E-03	0.851205289	1.58E-02
9.795	5.00E-03	0.860212266	1.60E-02
9.805	5.00E-03	0.852283835	1.60E-02
9.815	5.00E-03	0.910226345	1.66E-02
9.825	5.00E-03	0.854440629	1.61E-02
9.835	5.00E-03	0.864836931	1.63E-02
9.845	5.00E-03	0.878151774	1.65E-02
9.855	5.00E-03	0.862312794	1.64E-02
9.865	5.00E-03	0.892741442	1.68E-02
9.875	5.00E-03	0.868084431	1.66E-02
9.885	5.00E-03	0.876577973	1.68E-02
9.895	5.00E-03	0.852218568	1.66E-02
9.905	5.00E-03	0.877242684	1.69E-02
9.915	5.00E-03	0.895751417	1.72E-02
9.925	5.00E-03	0.845561206	1.67E-02
9.935	5.00E-03	0.867024183	1.70E-02
9.945	5.00E-03	0.875315785	1.72E-02
9.955	5.00E-03	0.839447737	1.69E-02
9.965	5.00E-03	0.85646534	1.71E-02
9.975	5.00E-03	0.869920731	1.74E-02
9.985	5.00E-03	0.869929969	1.74E-02
9.995	5.00E-03	0.855780602	1.74E-02
10.005	5.00E-03	0.870495558	1.76E-02
10.015	5.00E-03	0.855270386	1.75E-02
10.025	5.00E-03	0.869773149	1.77E-02
10.035	5.00E-03	0.882288635	1.80E-02
10.045	5.00E-03	0.830467105	1.75E-02
10.055	5.00E-03	0.852414608	1.78E-02
10.065	5.00E-03	0.845809758	1.78E-02
10.075	5.00E-03	0.845847785	1.79E-02
10.085	5.00E-03	0.865699589	1.82E-02
10.095	5.00E-03	0.8654266	1.83E-02
10.105	5.00E-03	0.858482301	1.83E-02
10.115	5.00E-03	0.83801353	1.81E-02
10.125	5.00E-03	0.845241725	1.83E-02
10.135	5.00E-03	0.839361012	1.83E-02
10.145	5.00E-03	0.840179026	1.84E-02
10.155	5.00E-03	0.837705672	1.85E-02
10.165	5.00E-03	0.830618739	1.85E-02
10.175	5.00E-03	0.853201687	1.88E-02
10.185	5.00E-03	0.860254765	1.90E-02
10.195	5.00E-03	0.839518607	1.88E-02
10.205	5.00E-03	0.851593196	1.91E-02
10.215	5.00E-03	0.847068131	1.91E-02
10.225	5.00E-03	0.822001994	1.89E-02
10.235	5.00E-03	0.862603128	1.94E-02
10.245	5.00E-03	0.837557554	1.93E-02
10.255	5.00E-03	0.865586758	1.97E-02
10.265	5.00E-03	0.827371716	1.93E-02
10.275	5.00E-03	0.839815497	1.96E-02
10.285	5.00E-03	0.843720078	1.97E-02
10.295	5.00E-03	0.808215976	1.94E-02
10.305	5.00E-03	0.808516979	1.95E-02
10.315	5.00E-03	0.877830684	2.04E-02
10.325	5.00E-03	0.834783852	2.00E-02
10.335	5.00E-03	0.868965447	2.05E-02
10.345	5.00E-03	0.829750657	2.01E-02
10.355	5.00E-03	0.83298409	2.02E-02
10.365	5.00E-03	0.852119982	2.06E-02
10.375	5.00E-03	0.829456806	2.04E-02
10.385	5.00E-03	0.817937374	2.04E-02
10.395	5.00E-03	0.827617168	2.06E-02
10.405	5.00E-03	0.818837166	2.06E-02
10.415	5.00E-03	0.864091039	2.12E-02
10.425	5.00E-03	0.817438543	2.08E-02
10.435	5.00E-03	0.824616134	2.10E-02
10.445	5.00E-03	0.842634201	2.13E-02
10.455	5.00E-03	0.857154369	2.16E-02
10.465	5.00E-03	0.83075273	2.14E-02
10.475	5.00E-03	0.829799473	2.14E-02
10.485	5.00E-03	0.847801268	2.18E-02
10.495	5.00E-03	0.813495219	2.15E-02
10.505	5.00E-03	0.788704097	2.12E-02
10.515	5.00E-03	0.819345355	2.18E-02
10.525	5.00E-03	0.805635571	2.17E-02
10.535	5.00E-03	0.838137984	2.22E-02
10.545	5.00E-03	0.83492142	2.23E-02
10.555	5.00E-03	0.83156848	2.24E-02
10.565	5.00E-03	0.797068894	2.20E-02
10.575	5.00E-03	0.818912387	2.24E-02
10.585	5.00E-03	0.815695405	2.25E-02
10.595	5.00E-03	0.817360759	2.26E-02
10.605	5.00E-03	0.814555764	2.27E-02
10.615	5.00E-03	0.846215189	2.33E-02
10.625	5.00E-03	0.813092887	2.29E-02
10.635	5.00E-03	0.785739899	2.27E-02
10.645	5.00E-03	0.795426369	2.29E-02
10.655	5.00E-03	0.807259977	2.32E-02
10.665	5.00E-03	0.814554632	2.35E-02
10.675	5.00E-03	0.793951392	2.33E-02
10.685	5.00E-03	0.800440729	2.35E-02
10.695	5.00E-03	0.747022808	2.28E-02
10.705	5.00E-03	0.802373946	2.38E-02
10.715	5.00E-03	0.821098089	2.42E-02
10.725	5.00E-03	0.796937048	2.40E-02
10.735	5.00E-03	0.815891504	2.44E-02
10.745	5.00E-03	0.80058831	2.43E-02
10.755	5.00E-03	0.761799991	2.38E-02
10.765	5.00E-03	0.825996935	2.49E-02
10.775	5.00E-03	0.774320245	2.43E-02
10.785	5.00E-03	0.796873748	2.48E-02
10.795	5.00E-03	0.787176073	2.48E-02
10.805	5.00E-03	0.813420117	2.53E-02
10.815	5.00E-03	0.807548761	2.54E-02
10.825	5.00E-03	0.788591921	2.52E-02
10.835	5.00E-03	0.750396371	2.47E-02
10.845	5.00E-03	0.806859255	2.58E-02
10.855	5.00E-03	0.842060208	2.65E-02
10.865	5.00E-03	0.767524421	2.54E-02
10.875	5.00E-03	0.816608846	2.64E-02
10.885	5.00E-03	0.776131094	2.59E-02
10.895	5.00E-03	0.784416199	2.62E-02
10.905	5.00E-03	0.764543533	2.60E-02
10.915	5.00E-03	0.763801038	2.61E-02
10.925	5.00E-03	0.816365957	2.72E-02
10.935	5.00E-03	0.740971625	2.61E-02
10.945	5.00E-03	0.761007011	2.66E-02
10.955	5.00E-03	0.833981454	2.80E-02
10.965	5.00E-03	0.75672406	2.68E-02
10.975	5.00E-03	0.802425086	2.78E-02
10.985	5.00E-03	0.832613707	2.85E-02
10.995	5.00E-03	0.746280909	2.71E-02
11.005	5.00E-03	0.827151239	2.87E-02
11.015	5.00E-03	0.727318943	2.71E-02
11.025	5.00E-03	0.797501028	2.85E-02
11.035	5.00E-03	0.734932005	2.76E-02
11.045	5.00E-03	0.774305165	2.85E-02
11.055	5.00E-03	0.763700604	2.84E-02
11.065	5.00E-03	0.739857137	2.82E-02
11.075	5.00E-03	0.803237498	2.95E-02
11.085	5.00E-03	0.753791809	2.88E-02
11.095	5.00E-03	0.72859174	2.85E-02
11.105	5.00E-03	0.765715122	2.94E-02
11.115	5.00E-03	0.736384988	2.90E-02
11.125	5.00E-03	0.747754991	2.94E-02
11.135	5.00E-03	0.682191074	2.82E-02
11.145	5.00E-03	0.730779886	2.94E-02
11.155	5.00E-03	0.714615822	2.92E-02
11.165	5.00E-03	0.76579082	3.05E-02
11.175	5.00E-03	0.713846564	2.96E-02
11.185	5.00E-03	0.795833409	3.14E-02
11.195	5.00E-03	0.738953173	3.05E-02
11.205	5.00E-03	0.78231746	3.15E-02
11.215	5.00E-03	0.708160758	3.02E-02
11.225	5.00E-03	0.789761186	3.21E-02
11.235	5.00E-03	0.753192842	3.15E-02
11.245	5.00E-03	0.734298706	3.13E-02
11.255	5.00E-03	0.709418714	3.10E-02
11.265	5.00E-03	0.712537587	3.12E-02
11.275	5.00E-03	0.755758524	3.23E-02
11.285	5.00E-03	0.718657434	3.17E-02
11.295	5.00E-03	0.74292326	3.25E-02
11.305	5.00E-03	0.766224623	3.32E-02
11.315	5.00E-03	0.698483706	3.18E-02
11.325	5.00E-03	0.711290896	3.23E-02
11.335	5.00E-03	0.716859818	3.27E-02
11.345	5.00E-03	0.76760447	3.40E-02
11.355	5.00E-03	0.760051966	3.40E-02
11.365	5.00E-03	0.719831586	3.33E-02
11.375	5.00E-03	0.687892318	3.28E-02
11.385	5.00E-03	0.707172215	3.34E-02
11.395	5.00E-03	0.698059261	3.34E-02
11.405	5.00E-03	0.772684157	3.53E-02
11.415	5.00E-03	0.79174161	3.60E-02
11.425	5.00E-03	0.680371046	3.36E-02
11.435	5.00E-03	0.688517332	3.40E-02
11.445	5.00E-03	0.70524466	3.46E-02
11.455	5.00E-03	0.68797034	3.44E-02
11.465	5.00E-03	0.671926677	3.42E-02
11.475	5.00E-03	0.788951814	3.72E-02
11.485	5.00E-03	0.725548327	3.59E-02
11.495	5.00E-03	0.673115969	3.48E-02
11.505	5.00E-03	0.699476302	3.57E-02
11.515	5.00E-03	0.661870122	3.49E-02
11.525	5.00E-03	0.712841928	3.65E-02
11.535	5.00E-03	0.642211139	3.48E-02
11.545	5.00E-03	0.623312771	3.45E-02
11.555	5.00E-03	0.71614933	3.72E-02
11.565	5.00E-03	0.628996909	3.51E-02
11.575	5.00E-03	0.676507294	3.66E-02
11.585	5.00E-03	0.72115016	3.81E-02
11.595	5.00E-03	0.671279192	3.70E-02
11.605	5.00E-03	0.6468876	3.65E-02
11.615	5.00E-03	0.640630484	3.66E-02
11.625	5.00E-03	0.680713713	3.79E-02
11.635	5.00E-03	0.66189158	3.77E-02
11.645	5.00E-03	0.666468382	3.80E-02
11.655	5.00E-03	0.609595835	3.66E-02
11.665	5.00E-03	0.658312261	3.83E-02
11.675	5.00E-03	0.660981178	3.87E-02
11.685	5.00E-03	0.712096632	4.04E-02
11.695	5.00E-03	0.629676461	3.83E-02
11.705	5.00E-03	0.713078797	4.11E-02
11.715	5.00E-03	0.650179029	3.96E-02
11.725	5.00E-03	0.658937335	4.02E-02
11.735	5.00E-03	0.685831964	4.14E-02
11.745	5.00E-03	0.653173149	4.07E-02
11.755	5.00E-03	0.593747556	3.92E-02
11.765	5.00E-03	0.662028193	4.19E-02
11.775	5.00E-03	0.647189379	4.19E-02
11.785	5.00E-03	0.571133614	3.98E-02
11.795	5.00E-03	0.633790016	4.24E-02
11.805	5.00E-03	0.656287372	4.38E-02
11.815	5.00E-03	0.605303407	4.26E-02
11.825	5.00E-03	0.656228304	4.50E-02
11.835	5.00E-03	0.684531987	4.66E-02
11.845	5.00E-03	0.596619785	4.41E-02
11.855	5.00E-03	0.700708151	4.85E-02
11.865	5.00E-03	0.685477257	4.86E-02
11.875	5.00E-03	0.703224778	4.99E-02
11.885	5.00E-03	0.763339102	5.26E-02
11.895	5.00E-03	0.864347935	5.65E-02
11.905	5.00E-03	0.823336244	5.56E-02
11.915	5.00E-03	0.743491292	5.32E-02
11.925	5.00E-03	0.712616384	5.24E-02
11.935	5.00E-03	0.752007365	5.40E-02
11.945	5.00E-03	0.699451923	5.21E-02
11.955	5.00E-03	0.815090954	5.62E-02
11.965	5.00E-03	0.796090722	5.55E-02
11.975	5.00E-03	0.775141001	5.45E-02
11.985	5.00E-03	0.741432488	5.31E-02
